0 1 88
1 0 49
0 2 72
2 0 48
0 3 28
3 0 65
0 4 55
4 0 83
0 5 71
5 0 39
0 6 57
6 0 20
0 7 99
7 0 18
0 8 5
8 0 60
0 9 89
9 0 77
0 10 40
10 0 27
0 11 89
11 0 93
1 0 12
0 1 25
1 2 31
2 1 24
1 3 53
3 1 60
1 4 9
4 1 60
1 5 18
5 1 43
1 6 24
6 1 87
1 7 64
7 1 52
1 8 44
8 1 100
1 9 6
9 1 65
1 10 53
10 1 91
1 11 1
11 1 32
2 0 30
0 2 87
2 1 33
1 2 17
2 3 66
3 2 60
2 4 96
4 2 25
2 5 37
5 2 89
2 6 36
6 2 71
2 7 56
7 2 41
2 8 30
8 2 98
2 9 9
9 2 30
2 10 63
10 2 70
2 11 7
11 2 69
3 0 63
0 3 80
3 1 31
1 3 53
3 2 62
2 3 90
3 4 50
4 3 81
3 5 65
5 3 95
3 6 56
6 3 12
3 7 32
7 3 11
3 8 57
8 3 35
3 9 97
9 3 48
3 10 67
10 3 21
3 11 33
11 3 86
4 0 90
0 4 57
4 1 11
1 4 1
4 2 13
2 4 41
4 3 12
3 4 87
4 5 66
5 4 26
4 6 25
6 4 50
4 7 29
7 4 14
4 8 33
8 4 92
4 9 6
9 4 100
4 10 79
10 4 40
4 11 67
11 4 40
5 0 88
0 5 76
5 1 17
1 5 64
5 2 94
2 5 94
5 3 45
3 5 92
5 4 38
4 5 24
5 6 45
6 5 24
5 7 84
7 5 42
5 8 32
8 5 62
5 9 79
9 5 70
5 10 42
10 5 65
5 11 60
11 5 93
6 0 45
0 6 12
6 1 90
1 6 48
6 2 8
2 6 12
6 3 61
3 6 61
6 4 71
4 6 81
6 5 89
5 6 33
6 7 93
7 6 97
6 8 51
8 6 26
6 9 14
9 6 38
6 10 44
10 6 7
6 11 17
11 6 43
7 0 20
0 7 44
7 1 24
1 7 12
7 2 82
2 7 78
7 3 8
3 7 93
7 4 69
4 7 12
7 5 49
5 7 35
7 6 63
6 7 2
7 8 63
8 7 55
7 9 38
9 7 49
7 10 73
10 7 66
7 11 8
11 7 48
8 0 63
0 8 83
8 1 36
1 8 14
8 2 88
2 8 8
8 3 42
3 8 86
8 4 69
4 8 84
8 5 50
5 8 74
8 6 37
6 8 45
8 7 64
7 8 97
8 9 99
9 8 20
8 10 43
10 8 27
8 11 59
11 8 6
9 0 48
0 9 32
9 1 33
1 9 10
9 2 25
2 9 90
9 3 5
3 9 43
9 4 72
4 9 34
9 5 14
5 9 97
9 6 85
6 9 51
9 7 28
7 9 34
9 8 60
8 9 30
9 10 17
10 9 51
9 11 69
11 9 70
10 0 22
0 10 3
10 1 60
1 10 75
10 2 84
2 10 72
10 3 66
3 10 91
10 4 35
4 10 1
10 5 53
5 10 85
10 6 69
6 10 82
10 7 23
7 10 74
10 8 91
8 10 32
10 9 75
9 10 23
10 11 90
11 10 48
11 0 10
0 11 10
11 1 12
1 11 24
11 2 68
2 11 71
11 3 68
3 11 97
11 4 48
4 11 97
11 5 63
5 11 84
11 6 12
6 11 24
11 7 45
7 11 54
11 8 38
8 11 98
11 9 53
9 11 32
11 10 19
10 11 11
