0 1 13
1 0 28
0 2 58
2 0 44
0 3 29
3 0 32
0 4 45
4 0 86
0 5 35
5 0 55
0 6 33
6 0 89
0 7 74
7 0 3
0 8 36
8 0 6
0 9 85
9 0 62
1 0 31
0 1 85
1 2 48
2 1 51
1 3 99
3 1 54
1 4 46
4 1 63
1 5 97
5 1 79
1 6 58
6 1 52
1 7 12
7 1 57
1 8 13
8 1 72
1 9 99
9 1 54
2 0 5
0 2 69
2 1 61
1 2 14
2 3 7
3 2 66
2 4 17
4 2 33
2 5 32
5 2 73
2 6 17
6 2 85
2 7 88
7 2 81
2 8 17
8 2 75
2 9 53
9 2 49
3 0 12
0 3 94
3 1 59
1 3 30
3 2 29
2 3 29
3 4 69
4 3 73
3 5 1
5 3 73
3 6 48
6 3 2
3 7 35
7 3 96
3 8 93
8 3 100
3 9 87
9 3 36
4 0 81
0 4 67
4 1 24
1 4 67
4 2 9
2 4 24
4 3 62
3 4 17
4 5 87
5 4 1
4 6 100
6 4 7
4 7 4
7 4 26
4 8 17
8 4 48
4 9 45
9 4 93
5 0 83
0 5 100
5 1 28
1 5 18
5 2 85
2 5 81
5 3 4
3 5 9
5 4 91
4 5 27
5 6 49
6 5 77
5 7 89
7 5 49
5 8 33
8 5 61
5 9 7
9 5 97
6 0 71
0 6 50
6 1 69
1 6 44
6 2 44
2 6 55
6 3 1
3 6 11
6 4 81
4 6 24
6 5 50
5 6 70
6 7 39
7 6 92
6 8 28
8 6 23
6 9 62
9 6 50
7 0 38
0 7 36
7 1 70
1 7 62
7 2 2
2 7 14
7 3 19
3 7 59
7 4 44
4 7 4
7 5 73
5 7 28
7 6 51
6 7 64
7 8 34
8 7 13
7 9 77
9 7 41
8 0 14
0 8 20
8 1 67
1 8 13
8 2 20
2 8 46
8 3 71
3 8 3
8 4 29
4 8 91
8 5 94
5 8 88
8 6 70
6 8 69
8 7 11
7 8 72
8 9 93
9 8 50
9 0 1
0 9 79
9 1 48
1 9 56
9 2 66
2 9 72
9 3 87
3 9 38
9 4 33
4 9 27
9 5 12
5 9 30
9 6 47
6 9 89
9 7 81
7 9 77
9 8 42
8 9 81
