    1  .67917E+00  .48325E+01  .00000E+00
    2 -.22392E+03  .36400E+02  .00000E+00
    3 -.22392E+03  .00000E+00  .00000E+00
    4  .48800E+01  .00000E+00  .00000E+00
    5  .48106E+01  .81984E+00  .00000E+00
    6  .45908E+01  .16548E+01  .00000E+00
    7  .42125E+01  .24636E+01  .00000E+00
    8  .36830E+01  .32016E+01  .00000E+00
    9  .30259E+01  .38286E+01  .00000E+00
   10  .22777E+01  .43159E+01  .00000E+00
   11  .14814E+01  .46497E+01  .00000E+00
   12 -.10178E+01  .50710E+01  .00000E+00
   13 -.31141E+01  .53657E+01  .00000E+00
   14 -.56096E+01  .57164E+01  .00000E+00
   15 -.85044E+01  .61233E+01  .00000E+00
   16 -.11799E+02  .65863E+01  .00000E+00
   17 -.15492E+02  .71054E+01  .00000E+00
   18 -.19585E+02  .76806E+01  .00000E+00
   19 -.24077E+02  .83119E+01  .00000E+00
   20 -.28968E+02  .89994E+01  .00000E+00
   21 -.34258E+02  .97430E+01  .00000E+00
   22 -.39948E+02  .10543E+02  .00000E+00
   23 -.46038E+02  .11399E+02  .00000E+00
   24 -.52526E+02  .12311E+02  .00000E+00
   25 -.59414E+02  .13279E+02  .00000E+00
   26 -.66701E+02  .14303E+02  .00000E+00
   27 -.74387E+02  .15383E+02  .00000E+00
   28 -.82472E+02  .16520E+02  .00000E+00
   29 -.90957E+02  .17712E+02  .00000E+00
   30 -.99841E+02  .18961E+02  .00000E+00
   31 -.10912E+03  .20266E+02  .00000E+00
   32 -.11881E+03  .21626E+02  .00000E+00
   33 -.12889E+03  .23043E+02  .00000E+00
   34 -.13937E+03  .24517E+02  .00000E+00
   35 -.15025E+03  .26046E+02  .00000E+00
   36 -.16153E+03  .27631E+02  .00000E+00
   37 -.17321E+03  .29273E+02  .00000E+00
   38 -.18529E+03  .30970E+02  .00000E+00
   39 -.19777E+03  .32724E+02  .00000E+00
   40 -.21064E+03  .34534E+02  .00000E+00
   41 -.22392E+03  .24267E+02  .00000E+00
   42 -.22392E+03  .12133E+02  .00000E+00
   43  .48106E+01  .80739E+00  .14236E+00
   44  .48106E+01  .77040E+00  .28040E+00
   45  .48106E+01  .71000E+00  .40992E+00
   46  .48106E+01  .62804E+00  .52698E+00
   47  .48106E+01  .52698E+00  .62804E+00
   48  .48106E+01  .40992E+00  .71000E+00
   49  .48106E+01  .28040E+00  .77040E+00
   50  .48106E+01  .14236E+00  .80739E+00
   51  .48106E+01  .00000E+00  .81984E+00
   52  .48106E+01 -.14236E+00  .80739E+00
   53  .48106E+01 -.28040E+00  .77040E+00
   54  .48106E+01 -.40992E+00  .71000E+00
   55  .48106E+01 -.52698E+00  .62804E+00
   56  .48106E+01 -.62804E+00  .52698E+00
   57  .48106E+01 -.71000E+00  .40992E+00
   58  .48106E+01 -.77040E+00  .28040E+00
   59  .48106E+01 -.80739E+00  .14236E+00
   60  .48106E+01 -.81984E+00  .00000E+00
   61  .48106E+01 -.80739E+00 -.14236E+00
   62  .48106E+01 -.77040E+00 -.28040E+00
   63  .48106E+01 -.71000E+00 -.40992E+00
   64  .48106E+01 -.62804E+00 -.52698E+00
   65  .48106E+01 -.52698E+00 -.62804E+00
   66  .48106E+01 -.40992E+00 -.71000E+00
   67  .48106E+01 -.28040E+00 -.77040E+00
   68  .48106E+01 -.14236E+00 -.80739E+00
   69  .48106E+01  .00000E+00 -.81984E+00
   70  .48106E+01  .14236E+00 -.80739E+00
   71  .48106E+01  .28040E+00 -.77040E+00
   72  .48106E+01  .40992E+00 -.71000E+00
   73  .48106E+01  .52698E+00 -.62804E+00
   74  .48106E+01  .62804E+00 -.52698E+00
   75  .48106E+01  .71000E+00 -.40992E+00
   76  .48106E+01  .77040E+00 -.28040E+00
   77  .48106E+01  .80739E+00 -.14236E+00
   78  .45908E+01  .16297E+01  .28736E+00
   79  .45908E+01  .15550E+01  .56599E+00
   80  .45908E+01  .14331E+01  .82742E+00
   81  .45908E+01  .12677E+01  .10637E+01
   82  .45908E+01  .10637E+01  .12677E+01
   83  .45908E+01  .82742E+00  .14331E+01
   84  .45908E+01  .56599E+00  .15550E+01
   85  .45908E+01  .28736E+00  .16297E+01
   86  .45908E+01  .00000E+00  .16548E+01
   87  .45908E+01 -.28736E+00  .16297E+01
   88  .45908E+01 -.56599E+00  .15550E+01
   89  .45908E+01 -.82742E+00  .14331E+01
   90  .45908E+01 -.10637E+01  .12677E+01
   91  .45908E+01 -.12677E+01  .10637E+01
   92  .45908E+01 -.14331E+01  .82742E+00
   93  .45908E+01 -.15550E+01  .56599E+00
   94  .45908E+01 -.16297E+01  .28736E+00
   95  .45908E+01 -.16548E+01  .00000E+00
   96  .45908E+01 -.16297E+01 -.28736E+00
   97  .45908E+01 -.15550E+01 -.56599E+00
   98  .45908E+01 -.14331E+01 -.82742E+00
   99  .45908E+01 -.12677E+01 -.10637E+01
  100  .45908E+01 -.10637E+01 -.12677E+01
  101  .45908E+01 -.82742E+00 -.14331E+01
  102  .45908E+01 -.56599E+00 -.15550E+01
  103  .45908E+01 -.28736E+00 -.16297E+01
  104  .45908E+01  .00000E+00 -.16548E+01
  105  .45908E+01  .28736E+00 -.16297E+01
  106  .45908E+01  .56599E+00 -.15550E+01
  107  .45908E+01  .82742E+00 -.14331E+01
  108  .45908E+01  .10637E+01 -.12677E+01
  109  .45908E+01  .12677E+01 -.10637E+01
  110  .45908E+01  .14331E+01 -.82742E+00
  111  .45908E+01  .15550E+01 -.56599E+00
  112  .45908E+01  .16297E+01 -.28736E+00
  113  .42125E+01  .24261E+01  .42779E+00
  114  .42125E+01  .23150E+01  .84259E+00
  115  .42125E+01  .21335E+01  .12318E+01
  116  .42125E+01  .18872E+01  .15835E+01
  117  .42125E+01  .15835E+01  .18872E+01
  118  .42125E+01  .12318E+01  .21335E+01
  119  .42125E+01  .84259E+00  .23150E+01
  120  .42125E+01  .42779E+00  .24261E+01
  121  .42125E+01  .00000E+00  .24636E+01
  122  .42125E+01 -.42779E+00  .24261E+01
  123  .42125E+01 -.84259E+00  .23150E+01
  124  .42125E+01 -.12318E+01  .21335E+01
  125  .42125E+01 -.15835E+01  .18872E+01
  126  .42125E+01 -.18872E+01  .15835E+01
  127  .42125E+01 -.21335E+01  .12318E+01
  128  .42125E+01 -.23150E+01  .84259E+00
  129  .42125E+01 -.24261E+01  .42779E+00
  130  .42125E+01 -.24636E+01  .00000E+00
  131  .42125E+01 -.24261E+01 -.42779E+00
  132  .42125E+01 -.23150E+01 -.84259E+00
  133  .42125E+01 -.21335E+01 -.12318E+01
  134  .42125E+01 -.18872E+01 -.15835E+01
  135  .42125E+01 -.15835E+01 -.18872E+01
  136  .42125E+01 -.12318E+01 -.21335E+01
  137  .42125E+01 -.84259E+00 -.23150E+01
  138  .42125E+01 -.42779E+00 -.24261E+01
  139  .42125E+01  .00000E+00 -.24636E+01
  140  .42125E+01  .42779E+00 -.24261E+01
  141  .42125E+01  .84259E+00 -.23150E+01
  142  .42125E+01  .12318E+01 -.21335E+01
  143  .42125E+01  .15835E+01 -.18872E+01
  144  .42125E+01  .18872E+01 -.15835E+01
  145  .42125E+01  .21335E+01 -.12318E+01
  146  .42125E+01  .23150E+01 -.84259E+00
  147  .42125E+01  .24261E+01 -.42779E+00
  148  .36830E+01  .31529E+01  .55595E+00
  149  .36830E+01  .30085E+01  .10950E+01
  150  .36830E+01  .27726E+01  .16008E+01
  151  .36830E+01  .24525E+01  .20579E+01
  152  .36830E+01  .20579E+01  .24525E+01
  153  .36830E+01  .16008E+01  .27726E+01
  154  .36830E+01  .10950E+01  .30085E+01
  155  .36830E+01  .55595E+00  .31529E+01
  156  .36830E+01  .00000E+00  .32016E+01
  157  .36830E+01 -.55595E+00  .31529E+01
  158  .36830E+01 -.10950E+01  .30085E+01
  159  .36830E+01 -.16008E+01  .27726E+01
  160  .36830E+01 -.20579E+01  .24525E+01
  161  .36830E+01 -.24525E+01  .20579E+01
  162  .36830E+01 -.27726E+01  .16008E+01
  163  .36830E+01 -.30085E+01  .10950E+01
  164  .36830E+01 -.31529E+01  .55595E+00
  165  .36830E+01 -.32016E+01  .00000E+00
  166  .36830E+01 -.31529E+01 -.55595E+00
  167  .36830E+01 -.30085E+01 -.10950E+01
  168  .36830E+01 -.27726E+01 -.16008E+01
  169  .36830E+01 -.24525E+01 -.20579E+01
  170  .36830E+01 -.20579E+01 -.24525E+01
  171  .36830E+01 -.16008E+01 -.27726E+01
  172  .36830E+01 -.10950E+01 -.30085E+01
  173  .36830E+01 -.55595E+00 -.31529E+01
  174  .36830E+01  .00000E+00 -.32016E+01
  175  .36830E+01  .55595E+00 -.31529E+01
  176  .36830E+01  .10950E+01 -.30085E+01
  177  .36830E+01  .16008E+01 -.27726E+01
  178  .36830E+01  .20579E+01 -.24525E+01
  179  .36830E+01  .24525E+01 -.20579E+01
  180  .36830E+01  .27726E+01 -.16008E+01
  181  .36830E+01  .30085E+01 -.10950E+01
  182  .36830E+01  .31529E+01 -.55595E+00
  183  .30259E+01  .37705E+01  .66484E+00
  184  .30259E+01  .35978E+01  .13095E+01
  185  .30259E+01  .33157E+01  .19143E+01
  186  .30259E+01  .29329E+01  .24610E+01
  187  .30259E+01  .24610E+01  .29329E+01
  188  .30259E+01  .19143E+01  .33157E+01
  189  .30259E+01  .13095E+01  .35978E+01
  190  .30259E+01  .66484E+00  .37705E+01
  191  .30259E+01  .00000E+00  .38286E+01
  192  .30259E+01 -.66484E+00  .37705E+01
  193  .30259E+01 -.13095E+01  .35978E+01
  194  .30259E+01 -.19143E+01  .33157E+01
  195  .30259E+01 -.24610E+01  .29329E+01
  196  .30259E+01 -.29329E+01  .24610E+01
  197  .30259E+01 -.33157E+01  .19143E+01
  198  .30259E+01 -.35978E+01  .13095E+01
  199  .30259E+01 -.37705E+01  .66484E+00
  200  .30259E+01 -.38286E+01  .00000E+00
  201  .30259E+01 -.37705E+01 -.66484E+00
  202  .30259E+01 -.35978E+01 -.13095E+01
  203  .30259E+01 -.33157E+01 -.19143E+01
  204  .30259E+01 -.29329E+01 -.24610E+01
  205  .30259E+01 -.24610E+01 -.29329E+01
  206  .30259E+01 -.19143E+01 -.33157E+01
  207  .30259E+01 -.13095E+01 -.35978E+01
  208  .30259E+01 -.66484E+00 -.37705E+01
  209  .30259E+01  .00000E+00 -.38286E+01
  210  .30259E+01  .66484E+00 -.37705E+01
  211  .30259E+01  .13095E+01 -.35978E+01
  212  .30259E+01  .19143E+01 -.33157E+01
  213  .30259E+01  .24610E+01 -.29329E+01
  214  .30259E+01  .29329E+01 -.24610E+01
  215  .30259E+01  .33157E+01 -.19143E+01
  216  .30259E+01  .35978E+01 -.13095E+01
  217  .30259E+01  .37705E+01 -.66484E+00
  218  .22777E+01  .42503E+01  .74944E+00
  219  .22777E+01  .40556E+01  .14761E+01
  220  .22777E+01  .37376E+01  .21579E+01
  221  .22777E+01  .33061E+01  .27742E+01
  222  .22777E+01  .27742E+01  .33061E+01
  223  .22777E+01  .21579E+01  .37376E+01
  224  .22777E+01  .14761E+01  .40556E+01
  225  .22777E+01  .74944E+00  .42503E+01
  226  .22777E+01  .00000E+00  .43159E+01
  227  .22777E+01 -.74944E+00  .42503E+01
  228  .22777E+01 -.14761E+01  .40556E+01
  229  .22777E+01 -.21579E+01  .37376E+01
  230  .22777E+01 -.27742E+01  .33061E+01
  231  .22777E+01 -.33061E+01  .27742E+01
  232  .22777E+01 -.37376E+01  .21579E+01
  233  .22777E+01 -.40556E+01  .14761E+01
  234  .22777E+01 -.42503E+01  .74944E+00
  235  .22777E+01 -.43159E+01  .00000E+00
  236  .22777E+01 -.42503E+01 -.74944E+00
  237  .22777E+01 -.40556E+01 -.14761E+01
  238  .22777E+01 -.37376E+01 -.21579E+01
  239  .22777E+01 -.33061E+01 -.27742E+01
  240  .22777E+01 -.27742E+01 -.33061E+01
  241  .22777E+01 -.21579E+01 -.37376E+01
  242  .22777E+01 -.14761E+01 -.40556E+01
  243  .22777E+01 -.74944E+00 -.42503E+01
  244  .22777E+01  .00000E+00 -.43159E+01
  245  .22777E+01  .74944E+00 -.42503E+01
  246  .22777E+01  .14761E+01 -.40556E+01
  247  .22777E+01  .21579E+01 -.37376E+01
  248  .22777E+01  .27742E+01 -.33061E+01
  249  .22777E+01  .33061E+01 -.27742E+01
  250  .22777E+01  .37376E+01 -.21579E+01
  251  .22777E+01  .40556E+01 -.14761E+01
  252  .22777E+01  .42503E+01 -.74944E+00
  253  .14814E+01  .45791E+01  .80742E+00
  254  .14814E+01  .43693E+01  .15903E+01
  255  .14814E+01  .40268E+01  .23249E+01
  256  .14814E+01  .35619E+01  .29888E+01
  257  .14814E+01  .29888E+01  .35619E+01
  258  .14814E+01  .23249E+01  .40268E+01
  259  .14814E+01  .15903E+01  .43693E+01
  260  .14814E+01  .80742E+00  .45791E+01
  261  .14814E+01  .00000E+00  .46497E+01
  262  .14814E+01 -.80742E+00  .45791E+01
  263  .14814E+01 -.15903E+01  .43693E+01
  264  .14814E+01 -.23249E+01  .40268E+01
  265  .14814E+01 -.29888E+01  .35619E+01
  266  .14814E+01 -.35619E+01  .29888E+01
  267  .14814E+01 -.40268E+01  .23249E+01
  268  .14814E+01 -.43693E+01  .15903E+01
  269  .14814E+01 -.45791E+01  .80742E+00
  270  .14814E+01 -.46497E+01  .00000E+00
  271  .14814E+01 -.45791E+01 -.80742E+00
  272  .14814E+01 -.43693E+01 -.15903E+01
  273  .14814E+01 -.40268E+01 -.23249E+01
  274  .14814E+01 -.35619E+01 -.29888E+01
  275  .14814E+01 -.29888E+01 -.35619E+01
  276  .14814E+01 -.23249E+01 -.40268E+01
  277  .14814E+01 -.15903E+01 -.43693E+01
  278  .14814E+01 -.80742E+00 -.45791E+01
  279  .14814E+01  .00000E+00 -.46497E+01
  280  .14814E+01  .80742E+00 -.45791E+01
  281  .14814E+01  .15903E+01 -.43693E+01
  282  .14814E+01  .23249E+01 -.40268E+01
  283  .14814E+01  .29888E+01 -.35619E+01
  284  .14814E+01  .35619E+01 -.29888E+01
  285  .14814E+01  .40268E+01 -.23249E+01
  286  .14814E+01  .43693E+01 -.15903E+01
  287  .14814E+01  .45791E+01 -.80742E+00
  288  .67917E+00  .47591E+01  .83916E+00
  289  .67917E+00  .45411E+01  .16528E+01
  290  .67917E+00  .41851E+01  .24162E+01
  291  .67917E+00  .37019E+01  .31063E+01
  292  .67917E+00  .31063E+01  .37019E+01
  293  .67917E+00  .24162E+01  .41851E+01
  294  .67917E+00  .16528E+01  .45411E+01
  295  .67917E+00  .83916E+00  .47591E+01
  296  .67917E+00  .00000E+00  .48325E+01
  297  .67917E+00 -.83916E+00  .47591E+01
  298  .67917E+00 -.16528E+01  .45411E+01
  299  .67917E+00 -.24162E+01  .41851E+01
  300  .67917E+00 -.31063E+01  .37019E+01
  301  .67917E+00 -.37019E+01  .31063E+01
  302  .67917E+00 -.41851E+01  .24162E+01
  303  .67917E+00 -.45411E+01  .16528E+01
  304  .67917E+00 -.47591E+01  .83916E+00
  305  .67917E+00 -.48325E+01  .00000E+00
  306  .67917E+00 -.47591E+01 -.83916E+00
  307  .67917E+00 -.45411E+01 -.16528E+01
  308  .67917E+00 -.41851E+01 -.24162E+01
  309  .67917E+00 -.37019E+01 -.31063E+01
  310  .67917E+00 -.31063E+01 -.37019E+01
  311  .67917E+00 -.24162E+01 -.41851E+01
  312  .67917E+00 -.16528E+01 -.45411E+01
  313  .67917E+00 -.83916E+00 -.47591E+01
  314  .67917E+00  .00000E+00 -.48325E+01
  315  .67917E+00  .83916E+00 -.47591E+01
  316  .67917E+00  .16528E+01 -.45411E+01
  317  .67917E+00  .24162E+01 -.41851E+01
  318  .67917E+00  .31063E+01 -.37019E+01
  319  .67917E+00  .37019E+01 -.31063E+01
  320  .67917E+00  .41851E+01 -.24162E+01
  321  .67917E+00  .45411E+01 -.16528E+01
  322  .67917E+00  .47591E+01 -.83916E+00
  323 -.10178E+01  .49940E+01  .88057E+00
  324 -.10178E+01  .47652E+01  .17344E+01
  325 -.10178E+01  .43916E+01  .25355E+01
  326 -.10178E+01  .38846E+01  .32596E+01
  327 -.10178E+01  .32596E+01  .38846E+01
  328 -.10178E+01  .25355E+01  .43916E+01
  329 -.10178E+01  .17344E+01  .47652E+01
  330 -.10178E+01  .88057E+00  .49940E+01
  331 -.10178E+01  .00000E+00  .50710E+01
  332 -.10178E+01 -.88057E+00  .49940E+01
  333 -.10178E+01 -.17344E+01  .47652E+01
  334 -.10178E+01 -.25355E+01  .43916E+01
  335 -.10178E+01 -.32596E+01  .38846E+01
  336 -.10178E+01 -.38846E+01  .32596E+01
  337 -.10178E+01 -.43916E+01  .25355E+01
  338 -.10178E+01 -.47652E+01  .17344E+01
  339 -.10178E+01 -.49940E+01  .88057E+00
  340 -.10178E+01 -.50710E+01  .00000E+00
  341 -.10178E+01 -.49940E+01 -.88057E+00
  342 -.10178E+01 -.47652E+01 -.17344E+01
  343 -.10178E+01 -.43916E+01 -.25355E+01
  344 -.10178E+01 -.38846E+01 -.32596E+01
  345 -.10178E+01 -.32596E+01 -.38846E+01
  346 -.10178E+01 -.25355E+01 -.43916E+01
  347 -.10178E+01 -.17344E+01 -.47652E+01
  348 -.10178E+01 -.88057E+00 -.49940E+01
  349 -.10178E+01  .00000E+00 -.50710E+01
  350 -.10178E+01  .88057E+00 -.49940E+01
  351 -.10178E+01  .17344E+01 -.47652E+01
  352 -.10178E+01  .25355E+01 -.43916E+01
  353 -.10178E+01  .32596E+01 -.38846E+01
  354 -.10178E+01  .38846E+01 -.32596E+01
  355 -.10178E+01  .43916E+01 -.25355E+01
  356 -.10178E+01  .47652E+01 -.17344E+01
  357 -.10178E+01  .49940E+01 -.88057E+00
  358 -.31141E+01  .52841E+01  .93174E+00
  359 -.31141E+01  .50421E+01  .18352E+01
  360 -.31141E+01  .46468E+01  .26828E+01
  361 -.31141E+01  .41103E+01  .34490E+01
  362 -.31141E+01  .34490E+01  .41103E+01
  363 -.31141E+01  .26828E+01  .46468E+01
  364 -.31141E+01  .18352E+01  .50421E+01
  365 -.31141E+01  .93174E+00  .52841E+01
  366 -.31141E+01  .00000E+00  .53657E+01
  367 -.31141E+01 -.93174E+00  .52841E+01
  368 -.31141E+01 -.18352E+01  .50421E+01
  369 -.31141E+01 -.26828E+01  .46468E+01
  370 -.31141E+01 -.34490E+01  .41103E+01
  371 -.31141E+01 -.41103E+01  .34490E+01
  372 -.31141E+01 -.46468E+01  .26828E+01
  373 -.31141E+01 -.50421E+01  .18352E+01
  374 -.31141E+01 -.52841E+01  .93174E+00
  375 -.31141E+01 -.53657E+01  .00000E+00
  376 -.31141E+01 -.52841E+01 -.93174E+00
  377 -.31141E+01 -.50421E+01 -.18352E+01
  378 -.31141E+01 -.46468E+01 -.26828E+01
  379 -.31141E+01 -.41103E+01 -.34490E+01
  380 -.31141E+01 -.34490E+01 -.41103E+01
  381 -.31141E+01 -.26828E+01 -.46468E+01
  382 -.31141E+01 -.18352E+01 -.50421E+01
  383 -.31141E+01 -.93174E+00 -.52841E+01
  384 -.31141E+01  .00000E+00 -.53657E+01
  385 -.31141E+01  .93174E+00 -.52841E+01
  386 -.31141E+01  .18352E+01 -.50421E+01
  387 -.31141E+01  .26828E+01 -.46468E+01
  388 -.31141E+01  .34490E+01 -.41103E+01
  389 -.31141E+01  .41103E+01 -.34490E+01
  390 -.31141E+01  .46468E+01 -.26828E+01
  391 -.31141E+01  .50421E+01 -.18352E+01
  392 -.31141E+01  .52841E+01 -.93174E+00
  393 -.56096E+01  .56295E+01  .99264E+00
  394 -.56096E+01  .53717E+01  .19551E+01
  395 -.56096E+01  .49506E+01  .28582E+01
  396 -.56096E+01  .43790E+01  .36744E+01
  397 -.56096E+01  .36744E+01  .43790E+01
  398 -.56096E+01  .28582E+01  .49506E+01
  399 -.56096E+01  .19551E+01  .53717E+01
  400 -.56096E+01  .99264E+00  .56295E+01
  401 -.56096E+01  .00000E+00  .57164E+01
  402 -.56096E+01 -.99264E+00  .56295E+01
  403 -.56096E+01 -.19551E+01  .53717E+01
  404 -.56096E+01 -.28582E+01  .49506E+01
  405 -.56096E+01 -.36744E+01  .43790E+01
  406 -.56096E+01 -.43790E+01  .36744E+01
  407 -.56096E+01 -.49506E+01  .28582E+01
  408 -.56096E+01 -.53717E+01  .19551E+01
  409 -.56096E+01 -.56295E+01  .99264E+00
  410 -.56096E+01 -.57164E+01  .00000E+00
  411 -.56096E+01 -.56295E+01 -.99264E+00
  412 -.56096E+01 -.53717E+01 -.19551E+01
  413 -.56096E+01 -.49506E+01 -.28582E+01
  414 -.56096E+01 -.43790E+01 -.36744E+01
  415 -.56096E+01 -.36744E+01 -.43790E+01
  416 -.56096E+01 -.28582E+01 -.49506E+01
  417 -.56096E+01 -.19551E+01 -.53717E+01
  418 -.56096E+01 -.99264E+00 -.56295E+01
  419 -.56096E+01  .00000E+00 -.57164E+01
  420 -.56096E+01  .99264E+00 -.56295E+01
  421 -.56096E+01  .19551E+01 -.53717E+01
  422 -.56096E+01  .28582E+01 -.49506E+01
  423 -.56096E+01  .36744E+01 -.43790E+01
  424 -.56096E+01  .43790E+01 -.36744E+01
  425 -.56096E+01  .49506E+01 -.28582E+01
  426 -.56096E+01  .53717E+01 -.19551E+01
  427 -.56096E+01  .56295E+01 -.99264E+00
  428 -.85044E+01  .60302E+01  .10633E+01
  429 -.85044E+01  .57540E+01  .20943E+01
  430 -.85044E+01  .53029E+01  .30616E+01
  431 -.85044E+01  .46907E+01  .39360E+01
  432 -.85044E+01  .39360E+01  .46907E+01
  433 -.85044E+01  .30616E+01  .53029E+01
  434 -.85044E+01  .20943E+01  .57540E+01
  435 -.85044E+01  .10633E+01  .60302E+01
  436 -.85044E+01  .00000E+00  .61233E+01
  437 -.85044E+01 -.10633E+01  .60302E+01
  438 -.85044E+01 -.20943E+01  .57540E+01
  439 -.85044E+01 -.30616E+01  .53029E+01
  440 -.85044E+01 -.39360E+01  .46907E+01
  441 -.85044E+01 -.46907E+01  .39360E+01
  442 -.85044E+01 -.53029E+01  .30616E+01
  443 -.85044E+01 -.57540E+01  .20943E+01
  444 -.85044E+01 -.60302E+01  .10633E+01
  445 -.85044E+01 -.61233E+01  .00000E+00
  446 -.85044E+01 -.60302E+01 -.10633E+01
  447 -.85044E+01 -.57540E+01 -.20943E+01
  448 -.85044E+01 -.53029E+01 -.30616E+01
  449 -.85044E+01 -.46907E+01 -.39360E+01
  450 -.85044E+01 -.39360E+01 -.46907E+01
  451 -.85044E+01 -.30616E+01 -.53029E+01
  452 -.85044E+01 -.20943E+01 -.57540E+01
  453 -.85044E+01 -.10633E+01 -.60302E+01
  454 -.85044E+01  .00000E+00 -.61233E+01
  455 -.85044E+01  .10633E+01 -.60302E+01
  456 -.85044E+01  .20943E+01 -.57540E+01
  457 -.85044E+01  .30616E+01 -.53029E+01
  458 -.85044E+01  .39360E+01 -.46907E+01
  459 -.85044E+01  .46907E+01 -.39360E+01
  460 -.85044E+01  .53029E+01 -.30616E+01
  461 -.85044E+01  .57540E+01 -.20943E+01
  462 -.85044E+01  .60302E+01 -.10633E+01
  463 -.11799E+02  .64862E+01  .11437E+01
  464 -.11799E+02  .61891E+01  .22526E+01
  465 -.11799E+02  .57039E+01  .32931E+01
  466 -.11799E+02  .50454E+01  .42336E+01
  467 -.11799E+02  .42336E+01  .50454E+01
  468 -.11799E+02  .32931E+01  .57039E+01
  469 -.11799E+02  .22526E+01  .61891E+01
  470 -.11799E+02  .11437E+01  .64862E+01
  471 -.11799E+02  .00000E+00  .65863E+01
  472 -.11799E+02 -.11437E+01  .64862E+01
  473 -.11799E+02 -.22526E+01  .61891E+01
  474 -.11799E+02 -.32931E+01  .57039E+01
  475 -.11799E+02 -.42336E+01  .50454E+01
  476 -.11799E+02 -.50454E+01  .42336E+01
  477 -.11799E+02 -.57039E+01  .32931E+01
  478 -.11799E+02 -.61891E+01  .22526E+01
  479 -.11799E+02 -.64862E+01  .11437E+01
  480 -.11799E+02 -.65863E+01  .00000E+00
  481 -.11799E+02 -.64862E+01 -.11437E+01
  482 -.11799E+02 -.61891E+01 -.22526E+01
  483 -.11799E+02 -.57039E+01 -.32931E+01
  484 -.11799E+02 -.50454E+01 -.42336E+01
  485 -.11799E+02 -.42336E+01 -.50454E+01
  486 -.11799E+02 -.32931E+01 -.57039E+01
  487 -.11799E+02 -.22526E+01 -.61891E+01
  488 -.11799E+02 -.11437E+01 -.64862E+01
  489 -.11799E+02  .00000E+00 -.65863E+01
  490 -.11799E+02  .11437E+01 -.64862E+01
  491 -.11799E+02  .22526E+01 -.61891E+01
  492 -.11799E+02  .32931E+01 -.57039E+01
  493 -.11799E+02  .42336E+01 -.50454E+01
  494 -.11799E+02  .50454E+01 -.42336E+01
  495 -.11799E+02  .57039E+01 -.32931E+01
  496 -.11799E+02  .61891E+01 -.22526E+01
  497 -.11799E+02  .64862E+01 -.11437E+01
  498 -.15492E+02  .69974E+01  .12338E+01
  499 -.15492E+02  .66769E+01  .24302E+01
  500 -.15492E+02  .61534E+01  .35527E+01
  501 -.15492E+02  .54430E+01  .45672E+01
  502 -.15492E+02  .45672E+01  .54430E+01
  503 -.15492E+02  .35527E+01  .61534E+01
  504 -.15492E+02  .24302E+01  .66769E+01
  505 -.15492E+02  .12338E+01  .69974E+01
  506 -.15492E+02  .00000E+00  .71054E+01
  507 -.15492E+02 -.12338E+01  .69974E+01
  508 -.15492E+02 -.24302E+01  .66769E+01
  509 -.15492E+02 -.35527E+01  .61534E+01
  510 -.15492E+02 -.45672E+01  .54430E+01
  511 -.15492E+02 -.54430E+01  .45672E+01
  512 -.15492E+02 -.61534E+01  .35527E+01
  513 -.15492E+02 -.66769E+01  .24302E+01
  514 -.15492E+02 -.69974E+01  .12338E+01
  515 -.15492E+02 -.71054E+01  .00000E+00
  516 -.15492E+02 -.69974E+01 -.12338E+01
  517 -.15492E+02 -.66769E+01 -.24302E+01
  518 -.15492E+02 -.61534E+01 -.35527E+01
  519 -.15492E+02 -.54430E+01 -.45672E+01
  520 -.15492E+02 -.45672E+01 -.54430E+01
  521 -.15492E+02 -.35527E+01 -.61534E+01
  522 -.15492E+02 -.24302E+01 -.66769E+01
  523 -.15492E+02 -.12338E+01 -.69974E+01
  524 -.15492E+02  .00000E+00 -.71054E+01
  525 -.15492E+02  .12338E+01 -.69974E+01
  526 -.15492E+02  .24302E+01 -.66769E+01
  527 -.15492E+02  .35527E+01 -.61534E+01
  528 -.15492E+02  .45672E+01 -.54430E+01
  529 -.15492E+02  .54430E+01 -.45672E+01
  530 -.15492E+02  .61534E+01 -.35527E+01
  531 -.15492E+02  .66769E+01 -.24302E+01
  532 -.15492E+02  .69974E+01 -.12338E+01
  533 -.19585E+02  .75639E+01  .13337E+01
  534 -.19585E+02  .72174E+01  .26269E+01
  535 -.19585E+02  .66516E+01  .38403E+01
  536 -.19585E+02  .58837E+01  .49370E+01
  537 -.19585E+02  .49370E+01  .58837E+01
  538 -.19585E+02  .38403E+01  .66516E+01
  539 -.19585E+02  .26269E+01  .72174E+01
  540 -.19585E+02  .13337E+01  .75639E+01
  541 -.19585E+02  .00000E+00  .76806E+01
  542 -.19585E+02 -.13337E+01  .75639E+01
  543 -.19585E+02 -.26269E+01  .72174E+01
  544 -.19585E+02 -.38403E+01  .66516E+01
  545 -.19585E+02 -.49370E+01  .58837E+01
  546 -.19585E+02 -.58837E+01  .49370E+01
  547 -.19585E+02 -.66516E+01  .38403E+01
  548 -.19585E+02 -.72174E+01  .26269E+01
  549 -.19585E+02 -.75639E+01  .13337E+01
  550 -.19585E+02 -.76806E+01  .00000E+00
  551 -.19585E+02 -.75639E+01 -.13337E+01
  552 -.19585E+02 -.72174E+01 -.26269E+01
  553 -.19585E+02 -.66516E+01 -.38403E+01
  554 -.19585E+02 -.58837E+01 -.49370E+01
  555 -.19585E+02 -.49370E+01 -.58837E+01
  556 -.19585E+02 -.38403E+01 -.66516E+01
  557 -.19585E+02 -.26269E+01 -.72174E+01
  558 -.19585E+02 -.13337E+01 -.75639E+01
  559 -.19585E+02  .00000E+00 -.76806E+01
  560 -.19585E+02  .13337E+01 -.75639E+01
  561 -.19585E+02  .26269E+01 -.72174E+01
  562 -.19585E+02  .38403E+01 -.66516E+01
  563 -.19585E+02  .49370E+01 -.58837E+01
  564 -.19585E+02  .58837E+01 -.49370E+01
  565 -.19585E+02  .66516E+01 -.38403E+01
  566 -.19585E+02  .72174E+01 -.26269E+01
  567 -.19585E+02  .75639E+01 -.13337E+01
  568 -.24077E+02  .81857E+01  .14433E+01
  569 -.24077E+02  .78107E+01  .28428E+01
  570 -.24077E+02  .71984E+01  .41560E+01
  571 -.24077E+02  .63673E+01  .53428E+01
  572 -.24077E+02  .53428E+01  .63673E+01
  573 -.24077E+02  .41560E+01  .71984E+01
  574 -.24077E+02  .28428E+01  .78107E+01
  575 -.24077E+02  .14433E+01  .81857E+01
  576 -.24077E+02  .00000E+00  .83119E+01
  577 -.24077E+02 -.14433E+01  .81857E+01
  578 -.24077E+02 -.28428E+01  .78107E+01
  579 -.24077E+02 -.41560E+01  .71984E+01
  580 -.24077E+02 -.53428E+01  .63673E+01
  581 -.24077E+02 -.63673E+01  .53428E+01
  582 -.24077E+02 -.71984E+01  .41560E+01
  583 -.24077E+02 -.78107E+01  .28428E+01
  584 -.24077E+02 -.81857E+01  .14433E+01
  585 -.24077E+02 -.83119E+01  .00000E+00
  586 -.24077E+02 -.81857E+01 -.14433E+01
  587 -.24077E+02 -.78107E+01 -.28428E+01
  588 -.24077E+02 -.71984E+01 -.41560E+01
  589 -.24077E+02 -.63673E+01 -.53428E+01
  590 -.24077E+02 -.53428E+01 -.63673E+01
  591 -.24077E+02 -.41560E+01 -.71984E+01
  592 -.24077E+02 -.28428E+01 -.78107E+01
  593 -.24077E+02 -.14433E+01 -.81857E+01
  594 -.24077E+02  .00000E+00 -.83119E+01
  595 -.24077E+02  .14433E+01 -.81857E+01
  596 -.24077E+02  .28428E+01 -.78107E+01
  597 -.24077E+02  .41560E+01 -.71984E+01
  598 -.24077E+02  .53428E+01 -.63673E+01
  599 -.24077E+02  .63673E+01 -.53428E+01
  600 -.24077E+02  .71984E+01 -.41560E+01
  601 -.24077E+02  .78107E+01 -.28428E+01
  602 -.24077E+02  .81857E+01 -.14433E+01
  603 -.28968E+02  .88627E+01  .15627E+01
  604 -.28968E+02  .84567E+01  .30780E+01
  605 -.28968E+02  .77937E+01  .44997E+01
  606 -.28968E+02  .68939E+01  .57847E+01
  607 -.28968E+02  .57847E+01  .68939E+01
  608 -.28968E+02  .44997E+01  .77937E+01
  609 -.28968E+02  .30780E+01  .84567E+01
  610 -.28968E+02  .15627E+01  .88627E+01
  611 -.28968E+02  .00000E+00  .89994E+01
  612 -.28968E+02 -.15627E+01  .88627E+01
  613 -.28968E+02 -.30780E+01  .84567E+01
  614 -.28968E+02 -.44997E+01  .77937E+01
  615 -.28968E+02 -.57847E+01  .68939E+01
  616 -.28968E+02 -.68939E+01  .57847E+01
  617 -.28968E+02 -.77937E+01  .44997E+01
  618 -.28968E+02 -.84567E+01  .30780E+01
  619 -.28968E+02 -.88627E+01  .15627E+01
  620 -.28968E+02 -.89994E+01  .00000E+00
  621 -.28968E+02 -.88627E+01 -.15627E+01
  622 -.28968E+02 -.84567E+01 -.30780E+01
  623 -.28968E+02 -.77937E+01 -.44997E+01
  624 -.28968E+02 -.68939E+01 -.57847E+01
  625 -.28968E+02 -.57847E+01 -.68939E+01
  626 -.28968E+02 -.44997E+01 -.77937E+01
  627 -.28968E+02 -.30780E+01 -.84567E+01
  628 -.28968E+02 -.15627E+01 -.88627E+01
  629 -.28968E+02  .00000E+00 -.89994E+01
  630 -.28968E+02  .15627E+01 -.88627E+01
  631 -.28968E+02  .30780E+01 -.84567E+01
  632 -.28968E+02  .44997E+01 -.77937E+01
  633 -.28968E+02  .57847E+01 -.68939E+01
  634 -.28968E+02  .68939E+01 -.57847E+01
  635 -.28968E+02  .77937E+01 -.44997E+01
  636 -.28968E+02  .84567E+01 -.30780E+01
  637 -.28968E+02  .88627E+01 -.15627E+01
  638 -.34258E+02  .95950E+01  .16919E+01
  639 -.34258E+02  .91554E+01  .33323E+01
  640 -.34258E+02  .84377E+01  .48715E+01
  641 -.34258E+02  .74636E+01  .62627E+01
  642 -.34258E+02  .62627E+01  .74636E+01
  643 -.34258E+02  .48715E+01  .84377E+01
  644 -.34258E+02  .33323E+01  .91554E+01
  645 -.34258E+02  .16919E+01  .95950E+01
  646 -.34258E+02  .00000E+00  .97430E+01
  647 -.34258E+02 -.16919E+01  .95950E+01
  648 -.34258E+02 -.33323E+01  .91554E+01
  649 -.34258E+02 -.48715E+01  .84377E+01
  650 -.34258E+02 -.62627E+01  .74636E+01
  651 -.34258E+02 -.74636E+01  .62627E+01
  652 -.34258E+02 -.84377E+01  .48715E+01
  653 -.34258E+02 -.91554E+01  .33323E+01
  654 -.34258E+02 -.95950E+01  .16919E+01
  655 -.34258E+02 -.97430E+01  .00000E+00
  656 -.34258E+02 -.95950E+01 -.16919E+01
  657 -.34258E+02 -.91554E+01 -.33323E+01
  658 -.34258E+02 -.84377E+01 -.48715E+01
  659 -.34258E+02 -.74636E+01 -.62627E+01
  660 -.34258E+02 -.62627E+01 -.74636E+01
  661 -.34258E+02 -.48715E+01 -.84377E+01
  662 -.34258E+02 -.33323E+01 -.91554E+01
  663 -.34258E+02 -.16919E+01 -.95950E+01
  664 -.34258E+02  .00000E+00 -.97430E+01
  665 -.34258E+02  .16919E+01 -.95950E+01
  666 -.34258E+02  .33323E+01 -.91554E+01
  667 -.34258E+02  .48715E+01 -.84377E+01
  668 -.34258E+02  .62627E+01 -.74636E+01
  669 -.34258E+02  .74636E+01 -.62627E+01
  670 -.34258E+02  .84377E+01 -.48715E+01
  671 -.34258E+02  .91554E+01 -.33323E+01
  672 -.34258E+02  .95950E+01 -.16919E+01
  673 -.39948E+02  .10382E+02  .18307E+01
  674 -.39948E+02  .99069E+01  .36058E+01
  675 -.39948E+02  .91303E+01  .52714E+01
  676 -.39948E+02  .80762E+01  .67767E+01
  677 -.39948E+02  .67767E+01  .80762E+01
  678 -.39948E+02  .52714E+01  .91303E+01
  679 -.39948E+02  .36058E+01  .99069E+01
  680 -.39948E+02  .18307E+01  .10382E+02
  681 -.39948E+02  .00000E+00  .10543E+02
  682 -.39948E+02 -.18307E+01  .10382E+02
  683 -.39948E+02 -.36058E+01  .99069E+01
  684 -.39948E+02 -.52714E+01  .91303E+01
  685 -.39948E+02 -.67767E+01  .80762E+01
  686 -.39948E+02 -.80762E+01  .67767E+01
  687 -.39948E+02 -.91303E+01  .52714E+01
  688 -.39948E+02 -.99069E+01  .36058E+01
  689 -.39948E+02 -.10382E+02  .18307E+01
  690 -.39948E+02 -.10543E+02  .00000E+00
  691 -.39948E+02 -.10382E+02 -.18307E+01
  692 -.39948E+02 -.99069E+01 -.36058E+01
  693 -.39948E+02 -.91303E+01 -.52714E+01
  694 -.39948E+02 -.80762E+01 -.67767E+01
  695 -.39948E+02 -.67767E+01 -.80762E+01
  696 -.39948E+02 -.52714E+01 -.91303E+01
  697 -.39948E+02 -.36058E+01 -.99069E+01
  698 -.39948E+02 -.18307E+01 -.10382E+02
  699 -.39948E+02  .00000E+00 -.10543E+02
  700 -.39948E+02  .18307E+01 -.10382E+02
  701 -.39948E+02  .36058E+01 -.99069E+01
  702 -.39948E+02  .52714E+01 -.91303E+01
  703 -.39948E+02  .67767E+01 -.80762E+01
  704 -.39948E+02  .80762E+01 -.67767E+01
  705 -.39948E+02  .91303E+01 -.52714E+01
  706 -.39948E+02  .99069E+01 -.36058E+01
  707 -.39948E+02  .10382E+02 -.18307E+01
  708 -.46038E+02  .11225E+02  .19793E+01
  709 -.46038E+02  .10711E+02  .38985E+01
  710 -.46038E+02  .98714E+01  .56993E+01
  711 -.46038E+02  .87318E+01  .73268E+01
  712 -.46038E+02  .73268E+01  .87318E+01
  713 -.46038E+02  .56993E+01  .98714E+01
  714 -.46038E+02  .38985E+01  .10711E+02
  715 -.46038E+02  .19793E+01  .11225E+02
  716 -.46038E+02  .00000E+00  .11399E+02
  717 -.46038E+02 -.19793E+01  .11225E+02
  718 -.46038E+02 -.38985E+01  .10711E+02
  719 -.46038E+02 -.56993E+01  .98714E+01
  720 -.46038E+02 -.73268E+01  .87318E+01
  721 -.46038E+02 -.87318E+01  .73268E+01
  722 -.46038E+02 -.98714E+01  .56993E+01
  723 -.46038E+02 -.10711E+02  .38985E+01
  724 -.46038E+02 -.11225E+02  .19793E+01
  725 -.46038E+02 -.11399E+02  .00000E+00
  726 -.46038E+02 -.11225E+02 -.19793E+01
  727 -.46038E+02 -.10711E+02 -.38985E+01
  728 -.46038E+02 -.98714E+01 -.56993E+01
  729 -.46038E+02 -.87318E+01 -.73268E+01
  730 -.46038E+02 -.73268E+01 -.87318E+01
  731 -.46038E+02 -.56993E+01 -.98714E+01
  732 -.46038E+02 -.38985E+01 -.10711E+02
  733 -.46038E+02 -.19793E+01 -.11225E+02
  734 -.46038E+02  .00000E+00 -.11399E+02
  735 -.46038E+02  .19793E+01 -.11225E+02
  736 -.46038E+02  .38985E+01 -.10711E+02
  737 -.46038E+02  .56993E+01 -.98714E+01
  738 -.46038E+02  .73268E+01 -.87318E+01
  739 -.46038E+02  .87318E+01 -.73268E+01
  740 -.46038E+02  .98714E+01 -.56993E+01
  741 -.46038E+02  .10711E+02 -.38985E+01
  742 -.46038E+02  .11225E+02 -.19793E+01
  743 -.52526E+02  .12123E+02  .21377E+01
  744 -.52526E+02  .11568E+02  .42104E+01
  745 -.52526E+02  .10661E+02  .61553E+01
  746 -.52526E+02  .94304E+01  .79130E+01
  747 -.52526E+02  .79130E+01  .94304E+01
  748 -.52526E+02  .61553E+01  .10661E+02
  749 -.52526E+02  .42104E+01  .11568E+02
  750 -.52526E+02  .21377E+01  .12123E+02
  751 -.52526E+02  .00000E+00  .12311E+02
  752 -.52526E+02 -.21377E+01  .12123E+02
  753 -.52526E+02 -.42104E+01  .11568E+02
  754 -.52526E+02 -.61553E+01  .10661E+02
  755 -.52526E+02 -.79130E+01  .94304E+01
  756 -.52526E+02 -.94304E+01  .79130E+01
  757 -.52526E+02 -.10661E+02  .61553E+01
  758 -.52526E+02 -.11568E+02  .42104E+01
  759 -.52526E+02 -.12123E+02  .21377E+01
  760 -.52526E+02 -.12311E+02  .00000E+00
  761 -.52526E+02 -.12123E+02 -.21377E+01
  762 -.52526E+02 -.11568E+02 -.42104E+01
  763 -.52526E+02 -.10661E+02 -.61553E+01
  764 -.52526E+02 -.94304E+01 -.79130E+01
  765 -.52526E+02 -.79130E+01 -.94304E+01
  766 -.52526E+02 -.61553E+01 -.10661E+02
  767 -.52526E+02 -.42104E+01 -.11568E+02
  768 -.52526E+02 -.21377E+01 -.12123E+02
  769 -.52526E+02  .00000E+00 -.12311E+02
  770 -.52526E+02  .21377E+01 -.12123E+02
  771 -.52526E+02  .42104E+01 -.11568E+02
  772 -.52526E+02  .61553E+01 -.10661E+02
  773 -.52526E+02  .79130E+01 -.94304E+01
  774 -.52526E+02  .94304E+01 -.79130E+01
  775 -.52526E+02  .10661E+02 -.61553E+01
  776 -.52526E+02  .11568E+02 -.42104E+01
  777 -.52526E+02  .12123E+02 -.21377E+01
  778 -.59414E+02  .13077E+02  .23058E+01
  779 -.59414E+02  .12478E+02  .45415E+01
  780 -.59414E+02  .11500E+02  .66393E+01
  781 -.59414E+02  .10172E+02  .85353E+01
  782 -.59414E+02  .85353E+01  .10172E+02
  783 -.59414E+02  .66393E+01  .11500E+02
  784 -.59414E+02  .45415E+01  .12478E+02
  785 -.59414E+02  .23058E+01  .13077E+02
  786 -.59414E+02  .00000E+00  .13279E+02
  787 -.59414E+02 -.23058E+01  .13077E+02
  788 -.59414E+02 -.45415E+01  .12478E+02
  789 -.59414E+02 -.66393E+01  .11500E+02
  790 -.59414E+02 -.85353E+01  .10172E+02
  791 -.59414E+02 -.10172E+02  .85353E+01
  792 -.59414E+02 -.11500E+02  .66393E+01
  793 -.59414E+02 -.12478E+02  .45415E+01
  794 -.59414E+02 -.13077E+02  .23058E+01
  795 -.59414E+02 -.13279E+02  .00000E+00
  796 -.59414E+02 -.13077E+02 -.23058E+01
  797 -.59414E+02 -.12478E+02 -.45415E+01
  798 -.59414E+02 -.11500E+02 -.66393E+01
  799 -.59414E+02 -.10172E+02 -.85353E+01
  800 -.59414E+02 -.85353E+01 -.10172E+02
  801 -.59414E+02 -.66393E+01 -.11500E+02
  802 -.59414E+02 -.45415E+01 -.12478E+02
  803 -.59414E+02 -.23058E+01 -.13077E+02
  804 -.59414E+02  .00000E+00 -.13279E+02
  805 -.59414E+02  .23058E+01 -.13077E+02
  806 -.59414E+02  .45415E+01 -.12478E+02
  807 -.59414E+02  .66393E+01 -.11500E+02
  808 -.59414E+02  .85353E+01 -.10172E+02
  809 -.59414E+02  .10172E+02 -.85353E+01
  810 -.59414E+02  .11500E+02 -.66393E+01
  811 -.59414E+02  .12478E+02 -.45415E+01
  812 -.59414E+02  .13077E+02 -.23058E+01
  813 -.66701E+02  .14086E+02  .24836E+01
  814 -.66701E+02  .13440E+02  .48918E+01
  815 -.66701E+02  .12386E+02  .71514E+01
  816 -.66701E+02  .10956E+02  .91936E+01
  817 -.66701E+02  .91936E+01  .10956E+02
  818 -.66701E+02  .71514E+01  .12386E+02
  819 -.66701E+02  .48918E+01  .13440E+02
  820 -.66701E+02  .24836E+01  .14086E+02
  821 -.66701E+02  .00000E+00  .14303E+02
  822 -.66701E+02 -.24836E+01  .14086E+02
  823 -.66701E+02 -.48918E+01  .13440E+02
  824 -.66701E+02 -.71514E+01  .12386E+02
  825 -.66701E+02 -.91936E+01  .10956E+02
  826 -.66701E+02 -.10956E+02  .91936E+01
  827 -.66701E+02 -.12386E+02  .71514E+01
  828 -.66701E+02 -.13440E+02  .48918E+01
  829 -.66701E+02 -.14086E+02  .24836E+01
  830 -.66701E+02 -.14303E+02  .00000E+00
  831 -.66701E+02 -.14086E+02 -.24836E+01
  832 -.66701E+02 -.13440E+02 -.48918E+01
  833 -.66701E+02 -.12386E+02 -.71514E+01
  834 -.66701E+02 -.10956E+02 -.91936E+01
  835 -.66701E+02 -.91936E+01 -.10956E+02
  836 -.66701E+02 -.71514E+01 -.12386E+02
  837 -.66701E+02 -.48918E+01 -.13440E+02
  838 -.66701E+02 -.24836E+01 -.14086E+02
  839 -.66701E+02  .00000E+00 -.14303E+02
  840 -.66701E+02  .24836E+01 -.14086E+02
  841 -.66701E+02  .48918E+01 -.13440E+02
  842 -.66701E+02  .71514E+01 -.12386E+02
  843 -.66701E+02  .91936E+01 -.10956E+02
  844 -.66701E+02  .10956E+02 -.91936E+01
  845 -.66701E+02  .12386E+02 -.71514E+01
  846 -.66701E+02  .13440E+02 -.48918E+01
  847 -.66701E+02  .14086E+02 -.24836E+01
  848 -.74387E+02  .15149E+02  .26712E+01
  849 -.74387E+02  .14455E+02  .52613E+01
  850 -.74387E+02  .13322E+02  .76915E+01
  851 -.74387E+02  .11784E+02  .98880E+01
  852 -.74387E+02  .98880E+01  .11784E+02
  853 -.74387E+02  .76915E+01  .13322E+02
  854 -.74387E+02  .52613E+01  .14455E+02
  855 -.74387E+02  .26712E+01  .15149E+02
  856 -.74387E+02  .00000E+00  .15383E+02
  857 -.74387E+02 -.26712E+01  .15149E+02
  858 -.74387E+02 -.52613E+01  .14455E+02
  859 -.74387E+02 -.76915E+01  .13322E+02
  860 -.74387E+02 -.98880E+01  .11784E+02
  861 -.74387E+02 -.11784E+02  .98880E+01
  862 -.74387E+02 -.13322E+02  .76915E+01
  863 -.74387E+02 -.14455E+02  .52613E+01
  864 -.74387E+02 -.15149E+02  .26712E+01
  865 -.74387E+02 -.15383E+02  .00000E+00
  866 -.74387E+02 -.15149E+02 -.26712E+01
  867 -.74387E+02 -.14455E+02 -.52613E+01
  868 -.74387E+02 -.13322E+02 -.76915E+01
  869 -.74387E+02 -.11784E+02 -.98880E+01
  870 -.74387E+02 -.98880E+01 -.11784E+02
  871 -.74387E+02 -.76915E+01 -.13322E+02
  872 -.74387E+02 -.52613E+01 -.14455E+02
  873 -.74387E+02 -.26712E+01 -.15149E+02
  874 -.74387E+02  .00000E+00 -.15383E+02
  875 -.74387E+02  .26712E+01 -.15149E+02
  876 -.74387E+02  .52613E+01 -.14455E+02
  877 -.74387E+02  .76915E+01 -.13322E+02
  878 -.74387E+02  .98880E+01 -.11784E+02
  879 -.74387E+02  .11784E+02 -.98880E+01
  880 -.74387E+02  .13322E+02 -.76915E+01
  881 -.74387E+02  .14455E+02 -.52613E+01
  882 -.74387E+02  .15149E+02 -.26712E+01
  883 -.82472E+02  .16268E+02  .28686E+01
  884 -.82472E+02  .15523E+02  .56500E+01
  885 -.82472E+02  .14306E+02  .82598E+01
  886 -.82472E+02  .12655E+02  .10618E+02
  887 -.82472E+02  .10618E+02  .12655E+02
  888 -.82472E+02  .82598E+01  .14306E+02
  889 -.82472E+02  .56500E+01  .15523E+02
  890 -.82472E+02  .28686E+01  .16268E+02
  891 -.82472E+02  .00000E+00  .16520E+02
  892 -.82472E+02 -.28686E+01  .16268E+02
  893 -.82472E+02 -.56500E+01  .15523E+02
  894 -.82472E+02 -.82598E+01  .14306E+02
  895 -.82472E+02 -.10618E+02  .12655E+02
  896 -.82472E+02 -.12655E+02  .10618E+02
  897 -.82472E+02 -.14306E+02  .82598E+01
  898 -.82472E+02 -.15523E+02  .56500E+01
  899 -.82472E+02 -.16268E+02  .28686E+01
  900 -.82472E+02 -.16520E+02  .00000E+00
  901 -.82472E+02 -.16268E+02 -.28686E+01
  902 -.82472E+02 -.15523E+02 -.56500E+01
  903 -.82472E+02 -.14306E+02 -.82598E+01
  904 -.82472E+02 -.12655E+02 -.10618E+02
  905 -.82472E+02 -.10618E+02 -.12655E+02
  906 -.82472E+02 -.82598E+01 -.14306E+02
  907 -.82472E+02 -.56500E+01 -.15523E+02
  908 -.82472E+02 -.28686E+01 -.16268E+02
  909 -.82472E+02  .00000E+00 -.16520E+02
  910 -.82472E+02  .28686E+01 -.16268E+02
  911 -.82472E+02  .56500E+01 -.15523E+02
  912 -.82472E+02  .82598E+01 -.14306E+02
  913 -.82472E+02  .10618E+02 -.12655E+02
  914 -.82472E+02  .12655E+02 -.10618E+02
  915 -.82472E+02  .14306E+02 -.82598E+01
  916 -.82472E+02  .15523E+02 -.56500E+01
  917 -.82472E+02  .16268E+02 -.28686E+01
  918 -.90957E+02  .17443E+02  .30757E+01
  919 -.90957E+02  .16644E+02  .60579E+01
  920 -.90957E+02  .15339E+02  .88560E+01
  921 -.90957E+02  .13568E+02  .11385E+02
  922 -.90957E+02  .11385E+02  .13568E+02
  923 -.90957E+02  .88560E+01  .15339E+02
  924 -.90957E+02  .60579E+01  .16644E+02
  925 -.90957E+02  .30757E+01  .17443E+02
  926 -.90957E+02  .00000E+00  .17712E+02
  927 -.90957E+02 -.30757E+01  .17443E+02
  928 -.90957E+02 -.60579E+01  .16644E+02
  929 -.90957E+02 -.88560E+01  .15339E+02
  930 -.90957E+02 -.11385E+02  .13568E+02
  931 -.90957E+02 -.13568E+02  .11385E+02
  932 -.90957E+02 -.15339E+02  .88560E+01
  933 -.90957E+02 -.16644E+02  .60579E+01
  934 -.90957E+02 -.17443E+02  .30757E+01
  935 -.90957E+02 -.17712E+02  .00000E+00
  936 -.90957E+02 -.17443E+02 -.30757E+01
  937 -.90957E+02 -.16644E+02 -.60579E+01
  938 -.90957E+02 -.15339E+02 -.88560E+01
  939 -.90957E+02 -.13568E+02 -.11385E+02
  940 -.90957E+02 -.11385E+02 -.13568E+02
  941 -.90957E+02 -.88560E+01 -.15339E+02
  942 -.90957E+02 -.60579E+01 -.16644E+02
  943 -.90957E+02 -.30757E+01 -.17443E+02
  944 -.90957E+02  .00000E+00 -.17712E+02
  945 -.90957E+02  .30757E+01 -.17443E+02
  946 -.90957E+02  .60579E+01 -.16644E+02
  947 -.90957E+02  .88560E+01 -.15339E+02
  948 -.90957E+02  .11385E+02 -.13568E+02
  949 -.90957E+02  .13568E+02 -.11385E+02
  950 -.90957E+02  .15339E+02 -.88560E+01
  951 -.90957E+02  .16644E+02 -.60579E+01
  952 -.90957E+02  .17443E+02 -.30757E+01
  953 -.99841E+02  .18673E+02  .32925E+01
  954 -.99841E+02  .17817E+02  .64850E+01
  955 -.99841E+02  .16420E+02  .94804E+01
  956 -.99841E+02  .14525E+02  .12188E+02
  957 -.99841E+02  .12188E+02  .14525E+02
  958 -.99841E+02  .94804E+01  .16420E+02
  959 -.99841E+02  .64850E+01  .17817E+02
  960 -.99841E+02  .32925E+01  .18673E+02
  961 -.99841E+02  .00000E+00  .18961E+02
  962 -.99841E+02 -.32925E+01  .18673E+02
  963 -.99841E+02 -.64850E+01  .17817E+02
  964 -.99841E+02 -.94804E+01  .16420E+02
  965 -.99841E+02 -.12188E+02  .14525E+02
  966 -.99841E+02 -.14525E+02  .12188E+02
  967 -.99841E+02 -.16420E+02  .94804E+01
  968 -.99841E+02 -.17817E+02  .64850E+01
  969 -.99841E+02 -.18673E+02  .32925E+01
  970 -.99841E+02 -.18961E+02  .00000E+00
  971 -.99841E+02 -.18673E+02 -.32925E+01
  972 -.99841E+02 -.17817E+02 -.64850E+01
  973 -.99841E+02 -.16420E+02 -.94804E+01
  974 -.99841E+02 -.14525E+02 -.12188E+02
  975 -.99841E+02 -.12188E+02 -.14525E+02
  976 -.99841E+02 -.94804E+01 -.16420E+02
  977 -.99841E+02 -.64850E+01 -.17817E+02
  978 -.99841E+02 -.32925E+01 -.18673E+02
  979 -.99841E+02  .00000E+00 -.18961E+02
  980 -.99841E+02  .32925E+01 -.18673E+02
  981 -.99841E+02  .64850E+01 -.17817E+02
  982 -.99841E+02  .94804E+01 -.16420E+02
  983 -.99841E+02  .12188E+02 -.14525E+02
  984 -.99841E+02  .14525E+02 -.12188E+02
  985 -.99841E+02  .16420E+02 -.94804E+01
  986 -.99841E+02  .17817E+02 -.64850E+01
  987 -.99841E+02  .18673E+02 -.32925E+01
  988 -.10912E+03  .19958E+02  .35191E+01
  989 -.10912E+03  .19043E+02  .69312E+01
  990 -.10912E+03  .17550E+02  .10133E+02
  991 -.10912E+03  .15524E+02  .13026E+02
  992 -.10912E+03  .13026E+02  .15524E+02
  993 -.10912E+03  .10133E+02  .17550E+02
  994 -.10912E+03  .69312E+01  .19043E+02
  995 -.10912E+03  .35191E+01  .19958E+02
  996 -.10912E+03  .00000E+00  .20266E+02
  997 -.10912E+03 -.35191E+01  .19958E+02
  998 -.10912E+03 -.69312E+01  .19043E+02
  999 -.10912E+03 -.10133E+02  .17550E+02
 1000 -.10912E+03 -.13026E+02  .15524E+02
 1001 -.10912E+03 -.15524E+02  .13026E+02
 1002 -.10912E+03 -.17550E+02  .10133E+02
 1003 -.10912E+03 -.19043E+02  .69312E+01
 1004 -.10912E+03 -.19958E+02  .35191E+01
 1005 -.10912E+03 -.20266E+02  .00000E+00
 1006 -.10912E+03 -.19958E+02 -.35191E+01
 1007 -.10912E+03 -.19043E+02 -.69312E+01
 1008 -.10912E+03 -.17550E+02 -.10133E+02
 1009 -.10912E+03 -.15524E+02 -.13026E+02
 1010 -.10912E+03 -.13026E+02 -.15524E+02
 1011 -.10912E+03 -.10133E+02 -.17550E+02
 1012 -.10912E+03 -.69312E+01 -.19043E+02
 1013 -.10912E+03 -.35191E+01 -.19958E+02
 1014 -.10912E+03  .00000E+00 -.20266E+02
 1015 -.10912E+03  .35191E+01 -.19958E+02
 1016 -.10912E+03  .69312E+01 -.19043E+02
 1017 -.10912E+03  .10133E+02 -.17550E+02
 1018 -.10912E+03  .13026E+02 -.15524E+02
 1019 -.10912E+03  .15524E+02 -.13026E+02
 1020 -.10912E+03  .17550E+02 -.10133E+02
 1021 -.10912E+03  .19043E+02 -.69312E+01
 1022 -.10912E+03  .19958E+02 -.35191E+01
 1023 -.11881E+03  .21298E+02  .37554E+01
 1024 -.11881E+03  .20322E+02  .73967E+01
 1025 -.11881E+03  .18729E+02  .10813E+02
 1026 -.11881E+03  .16567E+02  .13901E+02
 1027 -.11881E+03  .13901E+02  .16567E+02
 1028 -.11881E+03  .10813E+02  .18729E+02
 1029 -.11881E+03  .73967E+01  .20322E+02
 1030 -.11881E+03  .37554E+01  .21298E+02
 1031 -.11881E+03  .00000E+00  .21626E+02
 1032 -.11881E+03 -.37554E+01  .21298E+02
 1033 -.11881E+03 -.73967E+01  .20322E+02
 1034 -.11881E+03 -.10813E+02  .18729E+02
 1035 -.11881E+03 -.13901E+02  .16567E+02
 1036 -.11881E+03 -.16567E+02  .13901E+02
 1037 -.11881E+03 -.18729E+02  .10813E+02
 1038 -.11881E+03 -.20322E+02  .73967E+01
 1039 -.11881E+03 -.21298E+02  .37554E+01
 1040 -.11881E+03 -.21626E+02  .00000E+00
 1041 -.11881E+03 -.21298E+02 -.37554E+01
 1042 -.11881E+03 -.20322E+02 -.73967E+01
 1043 -.11881E+03 -.18729E+02 -.10813E+02
 1044 -.11881E+03 -.16567E+02 -.13901E+02
 1045 -.11881E+03 -.13901E+02 -.16567E+02
 1046 -.11881E+03 -.10813E+02 -.18729E+02
 1047 -.11881E+03 -.73967E+01 -.20322E+02
 1048 -.11881E+03 -.37554E+01 -.21298E+02
 1049 -.11881E+03  .00000E+00 -.21626E+02
 1050 -.11881E+03  .37554E+01 -.21298E+02
 1051 -.11881E+03  .73967E+01 -.20322E+02
 1052 -.11881E+03  .10813E+02 -.18729E+02
 1053 -.11881E+03  .13901E+02 -.16567E+02
 1054 -.11881E+03  .16567E+02 -.13901E+02
 1055 -.11881E+03  .18729E+02 -.10813E+02
 1056 -.11881E+03  .20322E+02 -.73967E+01
 1057 -.11881E+03  .21298E+02 -.37554E+01
 1058 -.12889E+03  .22693E+02  .40015E+01
 1059 -.12889E+03  .21654E+02  .78813E+01
 1060 -.12889E+03  .19956E+02  .11522E+02
 1061 -.12889E+03  .17652E+02  .14812E+02
 1062 -.12889E+03  .14812E+02  .17652E+02
 1063 -.12889E+03  .11522E+02  .19956E+02
 1064 -.12889E+03  .78813E+01  .21654E+02
 1065 -.12889E+03  .40015E+01  .22693E+02
 1066 -.12889E+03  .00000E+00  .23043E+02
 1067 -.12889E+03 -.40015E+01  .22693E+02
 1068 -.12889E+03 -.78813E+01  .21654E+02
 1069 -.12889E+03 -.11522E+02  .19956E+02
 1070 -.12889E+03 -.14812E+02  .17652E+02
 1071 -.12889E+03 -.17652E+02  .14812E+02
 1072 -.12889E+03 -.19956E+02  .11522E+02
 1073 -.12889E+03 -.21654E+02  .78813E+01
 1074 -.12889E+03 -.22693E+02  .40015E+01
 1075 -.12889E+03 -.23043E+02  .00000E+00
 1076 -.12889E+03 -.22693E+02 -.40015E+01
 1077 -.12889E+03 -.21654E+02 -.78813E+01
 1078 -.12889E+03 -.19956E+02 -.11522E+02
 1079 -.12889E+03 -.17652E+02 -.14812E+02
 1080 -.12889E+03 -.14812E+02 -.17652E+02
 1081 -.12889E+03 -.11522E+02 -.19956E+02
 1082 -.12889E+03 -.78813E+01 -.21654E+02
 1083 -.12889E+03 -.40015E+01 -.22693E+02
 1084 -.12889E+03  .00000E+00 -.23043E+02
 1085 -.12889E+03  .40015E+01 -.22693E+02
 1086 -.12889E+03  .78813E+01 -.21654E+02
 1087 -.12889E+03  .11522E+02 -.19956E+02
 1088 -.12889E+03  .14812E+02 -.17652E+02
 1089 -.12889E+03  .17652E+02 -.14812E+02
 1090 -.12889E+03  .19956E+02 -.11522E+02
 1091 -.12889E+03  .21654E+02 -.78813E+01
 1092 -.12889E+03  .22693E+02 -.40015E+01
 1093 -.13937E+03  .24144E+02  .42573E+01
 1094 -.13937E+03  .23038E+02  .83852E+01
 1095 -.13937E+03  .21232E+02  .12258E+02
 1096 -.13937E+03  .18781E+02  .15759E+02
 1097 -.13937E+03  .15759E+02  .18781E+02
 1098 -.13937E+03  .12258E+02  .21232E+02
 1099 -.13937E+03  .83852E+01  .23038E+02
 1100 -.13937E+03  .42573E+01  .24144E+02
 1101 -.13937E+03  .00000E+00  .24517E+02
 1102 -.13937E+03 -.42573E+01  .24144E+02
 1103 -.13937E+03 -.83852E+01  .23038E+02
 1104 -.13937E+03 -.12258E+02  .21232E+02
 1105 -.13937E+03 -.15759E+02  .18781E+02
 1106 -.13937E+03 -.18781E+02  .15759E+02
 1107 -.13937E+03 -.21232E+02  .12258E+02
 1108 -.13937E+03 -.23038E+02  .83852E+01
 1109 -.13937E+03 -.24144E+02  .42573E+01
 1110 -.13937E+03 -.24517E+02  .00000E+00
 1111 -.13937E+03 -.24144E+02 -.42573E+01
 1112 -.13937E+03 -.23038E+02 -.83852E+01
 1113 -.13937E+03 -.21232E+02 -.12258E+02
 1114 -.13937E+03 -.18781E+02 -.15759E+02
 1115 -.13937E+03 -.15759E+02 -.18781E+02
 1116 -.13937E+03 -.12258E+02 -.21232E+02
 1117 -.13937E+03 -.83852E+01 -.23038E+02
 1118 -.13937E+03 -.42573E+01 -.24144E+02
 1119 -.13937E+03  .00000E+00 -.24517E+02
 1120 -.13937E+03  .42573E+01 -.24144E+02
 1121 -.13937E+03  .83852E+01 -.23038E+02
 1122 -.13937E+03  .12258E+02 -.21232E+02
 1123 -.13937E+03  .15759E+02 -.18781E+02
 1124 -.13937E+03  .18781E+02 -.15759E+02
 1125 -.13937E+03  .21232E+02 -.12258E+02
 1126 -.13937E+03  .23038E+02 -.83852E+01
 1127 -.13937E+03  .24144E+02 -.42573E+01
 1128 -.15025E+03  .25650E+02  .45228E+01
 1129 -.15025E+03  .24475E+02  .89082E+01
 1130 -.15025E+03  .22556E+02  .13023E+02
 1131 -.15025E+03  .19952E+02  .16742E+02
 1132 -.15025E+03  .16742E+02  .19952E+02
 1133 -.15025E+03  .13023E+02  .22556E+02
 1134 -.15025E+03  .89082E+01  .24475E+02
 1135 -.15025E+03  .45228E+01  .25650E+02
 1136 -.15025E+03  .00000E+00  .26046E+02
 1137 -.15025E+03 -.45228E+01  .25650E+02
 1138 -.15025E+03 -.89082E+01  .24475E+02
 1139 -.15025E+03 -.13023E+02  .22556E+02
 1140 -.15025E+03 -.16742E+02  .19952E+02
 1141 -.15025E+03 -.19952E+02  .16742E+02
 1142 -.15025E+03 -.22556E+02  .13023E+02
 1143 -.15025E+03 -.24475E+02  .89082E+01
 1144 -.15025E+03 -.25650E+02  .45228E+01
 1145 -.15025E+03 -.26046E+02  .00000E+00
 1146 -.15025E+03 -.25650E+02 -.45228E+01
 1147 -.15025E+03 -.24475E+02 -.89082E+01
 1148 -.15025E+03 -.22556E+02 -.13023E+02
 1149 -.15025E+03 -.19952E+02 -.16742E+02
 1150 -.15025E+03 -.16742E+02 -.19952E+02
 1151 -.15025E+03 -.13023E+02 -.22556E+02
 1152 -.15025E+03 -.89082E+01 -.24475E+02
 1153 -.15025E+03 -.45228E+01 -.25650E+02
 1154 -.15025E+03  .00000E+00 -.26046E+02
 1155 -.15025E+03  .45228E+01 -.25650E+02
 1156 -.15025E+03  .89082E+01 -.24475E+02
 1157 -.15025E+03  .13023E+02 -.22556E+02
 1158 -.15025E+03  .16742E+02 -.19952E+02
 1159 -.15025E+03  .19952E+02 -.16742E+02
 1160 -.15025E+03  .22556E+02 -.13023E+02
 1161 -.15025E+03  .24475E+02 -.89082E+01
 1162 -.15025E+03  .25650E+02 -.45228E+01
 1163 -.16153E+03  .27211E+02  .47981E+01
 1164 -.16153E+03  .25965E+02  .94504E+01
 1165 -.16153E+03  .23929E+02  .13816E+02
 1166 -.16153E+03  .21167E+02  .17761E+02
 1167 -.16153E+03  .17761E+02  .21167E+02
 1168 -.16153E+03  .13816E+02  .23929E+02
 1169 -.16153E+03  .94504E+01  .25965E+02
 1170 -.16153E+03  .47981E+01  .27211E+02
 1171 -.16153E+03  .00000E+00  .27631E+02
 1172 -.16153E+03 -.47981E+01  .27211E+02
 1173 -.16153E+03 -.94504E+01  .25965E+02
 1174 -.16153E+03 -.13816E+02  .23929E+02
 1175 -.16153E+03 -.17761E+02  .21167E+02
 1176 -.16153E+03 -.21167E+02  .17761E+02
 1177 -.16153E+03 -.23929E+02  .13816E+02
 1178 -.16153E+03 -.25965E+02  .94504E+01
 1179 -.16153E+03 -.27211E+02  .47981E+01
 1180 -.16153E+03 -.27631E+02  .00000E+00
 1181 -.16153E+03 -.27211E+02 -.47981E+01
 1182 -.16153E+03 -.25965E+02 -.94504E+01
 1183 -.16153E+03 -.23929E+02 -.13816E+02
 1184 -.16153E+03 -.21167E+02 -.17761E+02
 1185 -.16153E+03 -.17761E+02 -.21167E+02
 1186 -.16153E+03 -.13816E+02 -.23929E+02
 1187 -.16153E+03 -.94504E+01 -.25965E+02
 1188 -.16153E+03 -.47981E+01 -.27211E+02
 1189 -.16153E+03  .00000E+00 -.27631E+02
 1190 -.16153E+03  .47981E+01 -.27211E+02
 1191 -.16153E+03  .94504E+01 -.25965E+02
 1192 -.16153E+03  .13816E+02 -.23929E+02
 1193 -.16153E+03  .17761E+02 -.21167E+02
 1194 -.16153E+03  .21167E+02 -.17761E+02
 1195 -.16153E+03  .23929E+02 -.13816E+02
 1196 -.16153E+03  .25965E+02 -.94504E+01
 1197 -.16153E+03  .27211E+02 -.47981E+01
 1198 -.17321E+03  .28828E+02  .50832E+01
 1199 -.17321E+03  .27507E+02  .10012E+02
 1200 -.17321E+03  .25351E+02  .14636E+02
 1201 -.17321E+03  .22424E+02  .18816E+02
 1202 -.17321E+03  .18816E+02  .22424E+02
 1203 -.17321E+03  .14636E+02  .25351E+02
 1204 -.17321E+03  .10012E+02  .27507E+02
 1205 -.17321E+03  .50832E+01  .28828E+02
 1206 -.17321E+03  .00000E+00  .29273E+02
 1207 -.17321E+03 -.50832E+01  .28828E+02
 1208 -.17321E+03 -.10012E+02  .27507E+02
 1209 -.17321E+03 -.14636E+02  .25351E+02
 1210 -.17321E+03 -.18816E+02  .22424E+02
 1211 -.17321E+03 -.22424E+02  .18816E+02
 1212 -.17321E+03 -.25351E+02  .14636E+02
 1213 -.17321E+03 -.27507E+02  .10012E+02
 1214 -.17321E+03 -.28828E+02  .50832E+01
 1215 -.17321E+03 -.29273E+02  .00000E+00
 1216 -.17321E+03 -.28828E+02 -.50832E+01
 1217 -.17321E+03 -.27507E+02 -.10012E+02
 1218 -.17321E+03 -.25351E+02 -.14636E+02
 1219 -.17321E+03 -.22424E+02 -.18816E+02
 1220 -.17321E+03 -.18816E+02 -.22424E+02
 1221 -.17321E+03 -.14636E+02 -.25351E+02
 1222 -.17321E+03 -.10012E+02 -.27507E+02
 1223 -.17321E+03 -.50832E+01 -.28828E+02
 1224 -.17321E+03  .00000E+00 -.29273E+02
 1225 -.17321E+03  .50832E+01 -.28828E+02
 1226 -.17321E+03  .10012E+02 -.27507E+02
 1227 -.17321E+03  .14636E+02 -.25351E+02
 1228 -.17321E+03  .18816E+02 -.22424E+02
 1229 -.17321E+03  .22424E+02 -.18816E+02
 1230 -.17321E+03  .25351E+02 -.14636E+02
 1231 -.17321E+03  .27507E+02 -.10012E+02
 1232 -.17321E+03  .28828E+02 -.50832E+01
 1233 -.18529E+03  .30500E+02  .53780E+01
 1234 -.18529E+03  .29103E+02  .10592E+02
 1235 -.18529E+03  .26821E+02  .15485E+02
 1236 -.18529E+03  .23725E+02  .19907E+02
 1237 -.18529E+03  .19907E+02  .23725E+02
 1238 -.18529E+03  .15485E+02  .26821E+02
 1239 -.18529E+03  .10592E+02  .29103E+02
 1240 -.18529E+03  .53780E+01  .30500E+02
 1241 -.18529E+03  .00000E+00  .30970E+02
 1242 -.18529E+03 -.53780E+01  .30500E+02
 1243 -.18529E+03 -.10592E+02  .29103E+02
 1244 -.18529E+03 -.15485E+02  .26821E+02
 1245 -.18529E+03 -.19907E+02  .23725E+02
 1246 -.18529E+03 -.23725E+02  .19907E+02
 1247 -.18529E+03 -.26821E+02  .15485E+02
 1248 -.18529E+03 -.29103E+02  .10592E+02
 1249 -.18529E+03 -.30500E+02  .53780E+01
 1250 -.18529E+03 -.30970E+02  .00000E+00
 1251 -.18529E+03 -.30500E+02 -.53780E+01
 1252 -.18529E+03 -.29103E+02 -.10592E+02
 1253 -.18529E+03 -.26821E+02 -.15485E+02
 1254 -.18529E+03 -.23725E+02 -.19907E+02
 1255 -.18529E+03 -.19907E+02 -.23725E+02
 1256 -.18529E+03 -.15485E+02 -.26821E+02
 1257 -.18529E+03 -.10592E+02 -.29103E+02
 1258 -.18529E+03 -.53780E+01 -.30500E+02
 1259 -.18529E+03  .00000E+00 -.30970E+02
 1260 -.18529E+03  .53780E+01 -.30500E+02
 1261 -.18529E+03  .10592E+02 -.29103E+02
 1262 -.18529E+03  .15485E+02 -.26821E+02
 1263 -.18529E+03  .19907E+02 -.23725E+02
 1264 -.18529E+03  .23725E+02 -.19907E+02
 1265 -.18529E+03  .26821E+02 -.15485E+02
 1266 -.18529E+03  .29103E+02 -.10592E+02
 1267 -.18529E+03  .30500E+02 -.53780E+01
 1268 -.19777E+03  .32227E+02  .56825E+01
 1269 -.19777E+03  .30751E+02  .11192E+02
 1270 -.19777E+03  .28340E+02  .16362E+02
 1271 -.19777E+03  .25068E+02  .21035E+02
 1272 -.19777E+03  .21035E+02  .25068E+02
 1273 -.19777E+03  .16362E+02  .28340E+02
 1274 -.19777E+03  .11192E+02  .30751E+02
 1275 -.19777E+03  .56825E+01  .32227E+02
 1276 -.19777E+03  .00000E+00  .32724E+02
 1277 -.19777E+03 -.56825E+01  .32227E+02
 1278 -.19777E+03 -.11192E+02  .30751E+02
 1279 -.19777E+03 -.16362E+02  .28340E+02
 1280 -.19777E+03 -.21035E+02  .25068E+02
 1281 -.19777E+03 -.25068E+02  .21035E+02
 1282 -.19777E+03 -.28340E+02  .16362E+02
 1283 -.19777E+03 -.30751E+02  .11192E+02
 1284 -.19777E+03 -.32227E+02  .56825E+01
 1285 -.19777E+03 -.32724E+02  .00000E+00
 1286 -.19777E+03 -.32227E+02 -.56825E+01
 1287 -.19777E+03 -.30751E+02 -.11192E+02
 1288 -.19777E+03 -.28340E+02 -.16362E+02
 1289 -.19777E+03 -.25068E+02 -.21035E+02
 1290 -.19777E+03 -.21035E+02 -.25068E+02
 1291 -.19777E+03 -.16362E+02 -.28340E+02
 1292 -.19777E+03 -.11192E+02 -.30751E+02
 1293 -.19777E+03 -.56825E+01 -.32227E+02
 1294 -.19777E+03  .00000E+00 -.32724E+02
 1295 -.19777E+03  .56825E+01 -.32227E+02
 1296 -.19777E+03  .11192E+02 -.30751E+02
 1297 -.19777E+03  .16362E+02 -.28340E+02
 1298 -.19777E+03  .21035E+02 -.25068E+02
 1299 -.19777E+03  .25068E+02 -.21035E+02
 1300 -.19777E+03  .28340E+02 -.16362E+02
 1301 -.19777E+03  .30751E+02 -.11192E+02
 1302 -.19777E+03  .32227E+02 -.56825E+01
 1303 -.21064E+03  .34009E+02  .59968E+01
 1304 -.21064E+03  .32451E+02  .11811E+02
 1305 -.21064E+03  .29907E+02  .17267E+02
 1306 -.21064E+03  .26455E+02  .22198E+02
 1307 -.21064E+03  .22198E+02  .26455E+02
 1308 -.21064E+03  .17267E+02  .29907E+02
 1309 -.21064E+03  .11811E+02  .32451E+02
 1310 -.21064E+03  .59968E+01  .34009E+02
 1311 -.21064E+03  .00000E+00  .34534E+02
 1312 -.21064E+03 -.59968E+01  .34009E+02
 1313 -.21064E+03 -.11811E+02  .32451E+02
 1314 -.21064E+03 -.17267E+02  .29907E+02
 1315 -.21064E+03 -.22198E+02  .26455E+02
 1316 -.21064E+03 -.26455E+02  .22198E+02
 1317 -.21064E+03 -.29907E+02  .17267E+02
 1318 -.21064E+03 -.32451E+02  .11811E+02
 1319 -.21064E+03 -.34009E+02  .59968E+01
 1320 -.21064E+03 -.34534E+02  .00000E+00
 1321 -.21064E+03 -.34009E+02 -.59968E+01
 1322 -.21064E+03 -.32451E+02 -.11811E+02
 1323 -.21064E+03 -.29907E+02 -.17267E+02
 1324 -.21064E+03 -.26455E+02 -.22198E+02
 1325 -.21064E+03 -.22198E+02 -.26455E+02
 1326 -.21064E+03 -.17267E+02 -.29907E+02
 1327 -.21064E+03 -.11811E+02 -.32451E+02
 1328 -.21064E+03 -.59968E+01 -.34009E+02
 1329 -.21064E+03  .00000E+00 -.34534E+02
 1330 -.21064E+03  .59968E+01 -.34009E+02
 1331 -.21064E+03  .11811E+02 -.32451E+02
 1332 -.21064E+03  .17267E+02 -.29907E+02
 1333 -.21064E+03  .22198E+02 -.26455E+02
 1334 -.21064E+03  .26455E+02 -.22198E+02
 1335 -.21064E+03  .29907E+02 -.17267E+02
 1336 -.21064E+03  .32451E+02 -.11811E+02
 1337 -.21064E+03  .34009E+02 -.59968E+01
 1338 -.22392E+03  .35847E+02  .63208E+01
 1339 -.22392E+03  .34205E+02  .12450E+02
 1340 -.22392E+03  .31523E+02  .18200E+02
 1341 -.22392E+03  .27884E+02  .23398E+02
 1342 -.22392E+03  .23398E+02  .27884E+02
 1343 -.22392E+03  .18200E+02  .31523E+02
 1344 -.22392E+03  .12450E+02  .34205E+02
 1345 -.22392E+03  .63208E+01  .35847E+02
 1346 -.22392E+03  .00000E+00  .36400E+02
 1347 -.22392E+03 -.63208E+01  .35847E+02
 1348 -.22392E+03 -.12450E+02  .34205E+02
 1349 -.22392E+03 -.18200E+02  .31523E+02
 1350 -.22392E+03 -.23398E+02  .27884E+02
 1351 -.22392E+03 -.27884E+02  .23398E+02
 1352 -.22392E+03 -.31523E+02  .18200E+02
 1353 -.22392E+03 -.34205E+02  .12450E+02
 1354 -.22392E+03 -.35847E+02  .63208E+01
 1355 -.22392E+03 -.36400E+02  .00000E+00
 1356 -.22392E+03 -.35847E+02 -.63208E+01
 1357 -.22392E+03 -.34205E+02 -.12450E+02
 1358 -.22392E+03 -.31523E+02 -.18200E+02
 1359 -.22392E+03 -.27884E+02 -.23398E+02
 1360 -.22392E+03 -.23398E+02 -.27884E+02
 1361 -.22392E+03 -.18200E+02 -.31523E+02
 1362 -.22392E+03 -.12450E+02 -.34205E+02
 1363 -.22392E+03 -.63208E+01 -.35847E+02
 1364 -.22392E+03  .00000E+00 -.36400E+02
 1365 -.22392E+03  .63208E+01 -.35847E+02
 1366 -.22392E+03  .12450E+02 -.34205E+02
 1367 -.22392E+03  .18200E+02 -.31523E+02
 1368 -.22392E+03  .23398E+02 -.27884E+02
 1369 -.22392E+03  .27884E+02 -.23398E+02
 1370 -.22392E+03  .31523E+02 -.18200E+02
 1371 -.22392E+03  .34205E+02 -.12450E+02
 1372 -.22392E+03  .35847E+02 -.63208E+01
 1373 -.22392E+03  .23898E+02  .42139E+01
 1374 -.22392E+03  .22803E+02  .82997E+01
 1375 -.22392E+03  .21016E+02  .12133E+02
 1376 -.22392E+03  .18589E+02  .15598E+02
 1377 -.22392E+03  .15598E+02  .18589E+02
 1378 -.22392E+03  .12133E+02  .21016E+02
 1379 -.22392E+03  .82997E+01  .22803E+02
 1380 -.22392E+03  .42139E+01  .23898E+02
 1381 -.22392E+03  .00000E+00  .24267E+02
 1382 -.22392E+03 -.42139E+01  .23898E+02
 1383 -.22392E+03 -.82997E+01  .22803E+02
 1384 -.22392E+03 -.12133E+02  .21016E+02
 1385 -.22392E+03 -.15598E+02  .18589E+02
 1386 -.22392E+03 -.18589E+02  .15598E+02
 1387 -.22392E+03 -.21016E+02  .12133E+02
 1388 -.22392E+03 -.22803E+02  .82997E+01
 1389 -.22392E+03 -.23898E+02  .42139E+01
 1390 -.22392E+03 -.24267E+02  .00000E+00
 1391 -.22392E+03 -.23898E+02 -.42139E+01
 1392 -.22392E+03 -.22803E+02 -.82997E+01
 1393 -.22392E+03 -.21016E+02 -.12133E+02
 1394 -.22392E+03 -.18589E+02 -.15598E+02
 1395 -.22392E+03 -.15598E+02 -.18589E+02
 1396 -.22392E+03 -.12133E+02 -.21016E+02
 1397 -.22392E+03 -.82997E+01 -.22803E+02
 1398 -.22392E+03 -.42139E+01 -.23898E+02
 1399 -.22392E+03  .00000E+00 -.24267E+02
 1400 -.22392E+03  .42139E+01 -.23898E+02
 1401 -.22392E+03  .82997E+01 -.22803E+02
 1402 -.22392E+03  .12133E+02 -.21016E+02
 1403 -.22392E+03  .15598E+02 -.18589E+02
 1404 -.22392E+03  .18589E+02 -.15598E+02
 1405 -.22392E+03  .21016E+02 -.12133E+02
 1406 -.22392E+03  .22803E+02 -.82997E+01
 1407 -.22392E+03  .23898E+02 -.42139E+01
 1408 -.22392E+03  .11949E+02  .21069E+01
 1409 -.22392E+03  .11402E+02  .41498E+01
 1410 -.22392E+03  .10508E+02  .60667E+01
 1411 -.22392E+03  .92947E+01  .77992E+01
 1412 -.22392E+03  .77992E+01  .92947E+01
 1413 -.22392E+03  .60667E+01  .10508E+02
 1414 -.22392E+03  .41498E+01  .11402E+02
 1415 -.22392E+03  .21069E+01  .11949E+02
 1416 -.22392E+03  .00000E+00  .12133E+02
 1417 -.22392E+03 -.21069E+01  .11949E+02
 1418 -.22392E+03 -.41498E+01  .11402E+02
 1419 -.22392E+03 -.60667E+01  .10508E+02
 1420 -.22392E+03 -.77992E+01  .92947E+01
 1421 -.22392E+03 -.92947E+01  .77992E+01
 1422 -.22392E+03 -.10508E+02  .60667E+01
 1423 -.22392E+03 -.11402E+02  .41498E+01
 1424 -.22392E+03 -.11949E+02  .21069E+01
 1425 -.22392E+03 -.12133E+02  .00000E+00
 1426 -.22392E+03 -.11949E+02 -.21069E+01
 1427 -.22392E+03 -.11402E+02 -.41498E+01
 1428 -.22392E+03 -.10508E+02 -.60667E+01
 1429 -.22392E+03 -.92947E+01 -.77992E+01
 1430 -.22392E+03 -.77992E+01 -.92947E+01
 1431 -.22392E+03 -.60667E+01 -.10508E+02
 1432 -.22392E+03 -.41498E+01 -.11402E+02
 1433 -.22392E+03 -.21069E+01 -.11949E+02
 1434 -.22392E+03  .00000E+00 -.12133E+02
 1435 -.22392E+03  .21069E+01 -.11949E+02
 1436 -.22392E+03  .41498E+01 -.11402E+02
 1437 -.22392E+03  .60667E+01 -.10508E+02
 1438 -.22392E+03  .77992E+01 -.92947E+01
 1439 -.22392E+03  .92947E+01 -.77992E+01
 1440 -.22392E+03  .10508E+02 -.60667E+01
 1441 -.22392E+03  .11402E+02 -.41498E+01
 1442 -.22392E+03  .11949E+02 -.21069E+01
