0 1 44
1 0 86
0 2 58
2 0 92
0 3 43
3 0 97
0 4 55
4 0 77
0 5 53
5 0 27
0 6 42
6 0 69
0 7 57
7 0 25
0 8 24
8 0 15
0 9 72
9 0 36
0 10 3
10 0 77
0 11 51
11 0 71
1 0 14
0 1 71
1 2 32
2 1 81
1 3 24
3 1 13
1 4 9
4 1 42
1 5 23
5 1 39
1 6 61
6 1 14
1 7 70
7 1 95
1 8 9
8 1 67
1 9 59
9 1 48
1 10 20
10 1 62
1 11 100
11 1 83
2 0 26
0 2 9
2 1 35
1 2 82
2 3 39
3 2 100
2 4 49
4 2 34
2 5 15
5 2 30
2 6 31
6 2 4
2 7 72
7 2 22
2 8 94
8 2 32
2 9 19
9 2 54
2 10 88
10 2 30
2 11 35
11 2 77
3 0 15
0 3 40
3 1 64
1 3 16
3 2 83
2 3 34
3 4 83
4 3 50
3 5 94
5 3 24
3 6 47
6 3 11
3 7 33
7 3 100
3 8 10
8 3 52
3 9 92
9 3 72
3 10 77
10 3 82
3 11 30
11 3 39
4 0 97
0 4 96
4 1 57
1 4 17
4 2 14
2 4 5
4 3 52
3 4 58
4 5 76
5 4 49
4 6 10
6 4 10
4 7 12
7 4 43
4 8 99
8 4 33
4 9 58
9 4 63
4 10 37
10 4 54
4 11 67
11 4 39
5 0 5
0 5 31
5 1 80
1 5 17
5 2 28
2 5 5
5 3 93
3 5 100
5 4 11
4 5 62
5 6 100
6 5 33
5 7 55
7 5 23
5 8 79
8 5 97
5 9 12
9 5 33
5 10 82
10 5 4
5 11 62
11 5 76
6 0 32
0 6 91
6 1 45
1 6 24
6 2 84
2 6 6
6 3 38
3 6 90
6 4 9
4 6 28
6 5 34
5 6 94
6 7 71
7 6 92
6 8 83
8 6 88
6 9 30
9 6 24
6 10 43
10 6 68
6 11 99
11 6 88
7 0 98
0 7 68
7 1 49
1 7 52
7 2 46
2 7 78
7 3 15
3 7 99
7 4 34
4 7 39
7 5 42
5 7 14
7 6 100
6 7 82
7 8 98
8 7 73
7 9 72
9 7 87
7 10 13
10 7 39
7 11 46
11 7 87
8 0 91
0 8 72
8 1 54
1 8 21
8 2 62
2 8 61
8 3 90
3 8 52
8 4 92
4 8 1
8 5 86
5 8 98
8 6 34
6 8 65
8 7 41
7 8 44
8 9 4
9 8 58
8 10 73
10 8 47
8 11 34
11 8 19
9 0 66
0 9 13
9 1 72
1 9 73
9 2 86
2 9 1
9 3 2
3 9 86
9 4 16
4 9 86
9 5 29
5 9 95
9 6 85
6 9 94
9 7 37
7 9 95
9 8 69
8 9 58
9 10 55
10 9 47
9 11 96
11 9 4
10 0 68
0 10 28
10 1 90
1 10 59
10 2 54
2 10 64
10 3 73
3 10 100
10 4 32
4 10 84
10 5 56
5 10 52
10 6 69
6 10 37
10 7 7
7 10 41
10 8 65
8 10 79
10 9 47
9 10 3
10 11 78
11 10 97
11 0 50
0 11 89
11 1 99
1 11 82
11 2 52
2 11 24
11 3 12
3 11 26
11 4 63
4 11 45
11 5 75
5 11 3
11 6 48
6 11 32
11 7 33
7 11 74
11 8 30
8 11 56
11 9 26
9 11 4
11 10 32
10 11 42
