0 1 80
1 0 89
0 2 39
2 0 5
0 3 90
3 0 60
0 4 31
4 0 2
0 5 14
5 0 41
0 6 95
6 0 57
0 7 98
7 0 84
0 8 95
8 0 41
0 9 9
9 0 67
0 10 59
10 0 56
0 11 61
11 0 72
0 12 37
12 0 5
0 13 86
13 0 58
0 14 39
14 0 52
0 15 65
15 0 98
1 0 66
0 1 68
1 2 64
2 1 96
1 3 2
3 1 39
1 4 24
4 1 83
1 5 23
5 1 61
1 6 77
6 1 55
1 7 78
7 1 52
1 8 21
8 1 62
1 9 43
9 1 59
1 10 89
10 1 21
1 11 49
11 1 27
1 12 33
12 1 82
1 13 31
13 1 85
1 14 32
14 1 4
1 15 92
15 1 10
2 0 77
0 2 35
2 1 88
1 2 42
2 3 38
3 2 25
2 4 57
4 2 4
2 5 9
5 2 88
2 6 18
6 2 19
2 7 68
7 2 53
2 8 20
8 2 9
2 9 4
9 2 97
2 10 7
10 2 66
2 11 5
11 2 3
2 12 75
12 2 33
2 13 14
13 2 40
2 14 50
14 2 54
2 15 18
15 2 22
3 0 63
0 3 62
3 1 15
1 3 12
3 2 63
2 3 100
3 4 33
4 3 39
3 5 35
5 3 89
3 6 45
6 3 59
3 7 89
7 3 41
3 8 76
8 3 8
3 9 55
9 3 2
3 10 97
10 3 98
3 11 32
11 3 26
3 12 41
12 3 42
3 13 30
13 3 47
3 14 6
14 3 20
3 15 35
15 3 65
4 0 54
0 4 55
4 1 35
1 4 74
4 2 75
2 4 82
4 3 13
3 4 69
4 5 76
5 4 49
4 6 29
6 4 70
4 7 44
7 4 17
4 8 84
8 4 38
4 9 25
9 4 4
4 10 43
10 4 62
4 11 70
11 4 68
4 12 82
12 4 23
4 13 38
13 4 33
4 14 83
14 4 11
4 15 42
15 4 1
5 0 88
0 5 81
5 1 6
1 5 88
5 2 26
2 5 2
5 3 11
3 5 82
5 4 55
4 5 11
5 6 52
6 5 61
5 7 12
7 5 93
5 8 62
8 5 24
5 9 92
9 5 63
5 10 1
10 5 63
5 11 27
11 5 8
5 12 6
12 5 73
5 13 90
13 5 93
5 14 78
14 5 38
5 15 29
15 5 81
6 0 50
0 6 9
6 1 37
1 6 17
6 2 32
2 6 6
6 3 13
3 6 85
6 4 33
4 6 19
6 5 54
5 6 61
6 7 16
7 6 93
6 8 31
8 6 4
6 9 94
9 6 58
6 10 18
10 6 65
6 11 13
11 6 87
6 12 16
12 6 42
6 13 31
13 6 22
6 14 6
14 6 61
6 15 13
15 6 60
7 0 79
0 7 79
7 1 74
1 7 43
7 2 88
2 7 44
7 3 61
3 7 60
7 4 84
4 7 89
7 5 3
5 7 47
7 6 39
6 7 82
7 8 22
8 7 82
7 9 31
9 7 100
7 10 47
10 7 32
7 11 91
11 7 44
7 12 55
12 7 60
7 13 26
13 7 28
7 14 3
14 7 99
7 15 51
15 7 30
8 0 11
0 8 62
8 1 13
1 8 37
8 2 6
2 8 59
8 3 71
3 8 41
8 4 75
4 8 44
8 5 15
5 8 12
8 6 26
6 8 34
8 7 42
7 8 55
8 9 90
9 8 91
8 10 65
10 8 85
8 11 24
11 8 73
8 12 25
12 8 23
8 13 87
13 8 47
8 14 83
14 8 94
8 15 37
15 8 77
9 0 76
0 9 64
9 1 75
1 9 39
9 2 39
2 9 43
9 3 70
3 9 26
9 4 11
4 9 81
9 5 26
5 9 34
9 6 49
6 9 7
9 7 49
7 9 54
9 8 100
8 9 64
9 10 69
10 9 27
9 11 14
11 9 85
9 12 26
12 9 78
9 13 5
13 9 92
9 14 99
14 9 52
9 15 90
15 9 87
10 0 59
0 10 94
10 1 95
1 10 55
10 2 40
2 10 9
10 3 62
3 10 91
10 4 61
4 10 22
10 5 46
5 10 11
10 6 87
6 10 89
10 7 74
7 10 72
10 8 57
8 10 69
10 9 80
9 10 95
10 11 6
11 10 90
10 12 18
12 10 80
10 13 65
13 10 85
10 14 99
14 10 99
10 15 66
15 10 94
11 0 30
0 11 83
11 1 70
1 11 88
11 2 1
2 11 3
11 3 94
3 11 86
11 4 32
4 11 96
11 5 62
5 11 86
11 6 52
6 11 86
11 7 52
7 11 68
11 8 19
8 11 83
11 9 91
9 11 28
11 10 26
10 11 12
11 12 58
12 11 96
11 13 19
13 11 6
11 14 13
14 11 6
11 15 90
15 11 14
12 0 16
0 12 36
12 1 29
1 12 27
12 2 13
2 12 57
12 3 44
3 12 60
12 4 10
4 12 35
12 5 38
5 12 78
12 6 7
6 12 89
12 7 86
7 12 47
12 8 59
8 12 4
12 9 9
9 12 1
12 10 31
10 12 26
12 11 66
11 12 86
12 13 18
13 12 42
12 14 25
14 12 41
12 15 78
15 12 26
13 0 89
0 13 63
13 1 96
1 13 94
13 2 11
2 13 9
13 3 14
3 13 95
13 4 45
4 13 81
13 5 87
5 13 76
13 6 54
6 13 42
13 7 68
7 13 70
13 8 1
8 13 24
13 9 82
9 13 61
13 10 69
10 13 19
13 11 51
11 13 88
13 12 89
12 13 23
13 14 19
14 13 30
13 15 20
15 13 29
14 0 75
0 14 71
14 1 61
1 14 22
14 2 80
2 14 44
14 3 90
3 14 35
14 4 23
4 14 84
14 5 29
5 14 91
14 6 62
6 14 91
14 7 60
7 14 5
14 8 14
8 14 14
14 9 99
9 14 20
14 10 75
10 14 81
14 11 21
11 14 70
14 12 94
12 14 96
14 13 93
13 14 42
14 15 62
15 14 86
15 0 3
0 15 6
15 1 70
1 15 29
15 2 36
2 15 21
15 3 47
3 15 4
15 4 7
4 15 19
15 5 63
5 15 65
15 6 39
6 15 92
15 7 98
7 15 84
15 8 42
8 15 75
15 9 90
9 15 6
15 10 17
10 15 13
15 11 82
11 15 81
15 12 38
12 15 23
15 13 62
13 15 77
15 14 65
14 15 28
