   760
   576
   465
   277
   131
   818
   398
   147
   100
    32
   731
   576
   338
    36
   639
   947
    54
   780
   731
   347
   694
   440
   154
   789
    51
   876
   158
   496
   122
    87
   927
   506
   319
   391
   916
   727
    55
   851
   935
   867
   246
   409
   648
   834
   138
    82
   316
   843
   610
   417
   742
   880
   301
   728
   826
   638
   279
   245
   308
   226
   632
   136
   519
   135
    12
    59
    49
   219
   660
   981
    13
   317
   726
   337
   107
   652
   753
   782
   120
   512
   154
   175
   546
   965
   638
   111
   869
   952
    14
   133
   112
   100
   220
   135
   512
   131
   592
   175
   353
   809
   647
   622
   737
   421
   243
   236
   310
    24
   416
   975
   800
   845
   158
   611
   722
     8
   644
   530
   235
   357
   579
   215
   744
   270
    16
   646
   929
    26
   932
   563
   641
   891
   666
   938
   209
    47
   267
   595
   549
   578
   293
   760
   810
   901
    35
   735
   340
   809
    75
   157
   739
   615
   561
   775
   535
   798
   187
   785
   145
   336
    32
   508
    19
   632
   668
   768
    79
    60
   147
    67
   583
   589
    31
    42
   990
   787
   334
   906
   234
   620
   208
   396
   911
   608
   298
   128
    93
   355
   150
   971
   406
   555
   777
   623
   825
   134
   357
   815
   201
   490
   558
   593
   925
   901
   753
   775
   200
   874
   701
   437
   425
   157
   187
   915
   297
   181
   625
   589
   891
     3
   822
   558
   673
   102
   143
   950
   837
    11
   582
   648
   920
   705
   241
   789
   118
   323
   441
    35
   878
   707
   186
   234
   356
   913
    74
   158
   661
   523
   537
   883
   273
   546
   856
   957
   495
   327
   677
   599
   230
   593
   267
   660
   429
   707
   311
   151
   989
   716
   761
   426
    63
   267
   532
   593
   335
   593
   586
    20
   596
   868
   887
   750
   162
   115
   582
   268
   485
   851
   370
   642
   427
   686
   431
   657
   938
   776
   204
   413
   745
   217
   385
   321
   682
   921
   303
   779
   224
   262
   755
   482
   579
   170
   612
   655
   739
   932
   959
   329
   940
   185
   107
   836
   380
   518
   386
     8
   136
   288
    44
   202
   149
   816
    69
   261
   515
   767
   764
   577
   670
     0
   800
    36
   481
   336
   403
   283
   602
   887
   733
     9
   745
    36
    68
   719
   699
   499
   395
   913
   923
   753
   206
   480
   662
   459
   359
   587
     2
   367
   933
   173
   867
    53
   357
   627
   230
   702
   368
   410
     0
   702
   561
    32
   357
   660
   674
   963
   184
   582
   261
   860
    34
   793
   697
   328
   151
   437
   587
    41
   292
   354
   969
   247
   718
   980
   179
   823
    98
   188
    14
   983
   825
   414
   508
   127
   903
   564
   117
   717
   147
   308
   575
   280
   705
     9
   708
   706
    38
   282
   192
   484
   905
   791
   762
   732
   149
   732
   102
   374
   483
   136
   192
   380
   300
   821
   975
   784
   944
   512
   933
   165
   884
   841
   593
   508
   508
    38
   130
   542
   962
   721
   594
   198
    15
   414
   606
   490
   498
   559
   656
    33
   192
   705
   288
   823
   118
   741
   613
   866
   365
   553
   363
   344
   287
   615
   412
   406
   439
   590
   659
   333
   307
    31
     0
   458
   284
   801
   161
   202
   611
    77
   636
   115
   386
   258
   790
    12
   362
   684
   431
   422
   342
   719
   201
   392
   977
   784
   190
   142
   850
   839
   199
   103
   564
   655
   738
   354
   629
   673
   795
   303
   190
   347
   734
   334
   585
   299
   164
   723
   130
    77
   691
   793
   895
   331
   208
   588
   416
   425
   608
   416
   986
   195
   506
   898
   599
   290
   645
   907
   948
   212
   166
   977
    25
   848
   433
   627
   717
   789
   136
   362
   749
   338
   218
    65
   641
   616
   392
   603
   748
   544
   889
   973
   867
   940
    86
   927
    76
   215
   194
   952
   170
   643
   999
   645
   389
   868
   738
   306
   757
   949
   673
   383
   970
   135
   965
   543
   690
   950
   444
   534
   315
   669
   725
   973
   771
   502
   841
   759
   544
   914
   851
   434
   343
   403
   219
   492
   474
   665
   165
   499
   373
   381
   882
   713
   158
   183
   407
   572
   355
   821
    49
   689
   582
   521
   443
   945
   843
   375
    98
   189
   673
    48
   710
   520
   102
   274
   950
   900
   992
   488
   945
   631
   935
   343
   253
   802
   254
   878
     1
   281
   164
   642
    74
   770
    24
   350
   916
   899
   456
   511
   780
   200
   803
   369
   195
   411
   199
   316
   867
   423
   115
   896
   375
   427
   636
    32
   576
   731
    13
   550
   868
   950
   678
   483
   554
   766
   285
    18
   680
   932
   954
   207
   707
   749
   568
   111
   818
   654
   200
   101
    98
   437
   935
   192
   246
   331
   996
   912
    85
   992
   903
    13
   606
   110
   205
    53
   122
   910
     4
   273
    74
   218
   258
   480
   989
   761
   425
   930
   689
   178
   116
   684
   881
   373
   851
   456
   854
   217
   148
   706
   417
   424
   429
   371
   206
   179
   148
   390
    91
   758
   957
    88
   380
   926
   338
   843
    21
   334
   552
   781
   842
   251
   282
    87
   662
   740
   504
   288
   792
   665
   178
   313
     6
   765
   832
   895
   879
   481
   422
   932
   696
   127
    77
   166
   490
   436
   986
   495
   864
    94
   645
   562
   271
   280
   338
   891
   663
   318
    28
   395
   639
   835
   539
   520
   143
   541
   954
   184
   251
   994
   289
   653
   846
   186
   602
   959
   999
   163
   545
   466
   998
   645
   152
   360
    67
   261
   391
   495
   645
   785
   395
   523
   526
   224
   837
   541
     8
   488
   351
   627
   305
   660
    52
   463
   142
   375
   238
   829
   614
   133
     9
   730
   131
   198
   124
   486
   307
   657
   800
   298
   672
    24
   190
   894
   788
   571
   110
   167
   108
   868
   158
   826
   265
   125
   496
   116
   624
   773
    43
   974
   219
    55
   434
   164
   493
   371
   217
   339
   138
   782
   102
   691
    39
   752
   459
   611
   827
    82
   349
   300
   930
   131
    97
   961
   905
   432
    70
   970
   479
   389
   569
   347
   147
   671
   888
   933
   758
    40
   582
   141
   166
   461
   804
   836
   617
   545
   285
   534
   399
   227
   237
   640
   466
   523
   191
   815
   816
    61
   605
   115
   303
   720
   839
   569
   101
   165
   303
   770
    77
    33
     9
   873
   571
   497
   246
   299
   668
   744
   901
   819
   888
   169
   787
   778
    97
   345
    20
   173
   310
   802
   762
   353
   587
   356
   890
   748
   936
   756
   608
   203