 1476 1442
    1    4    5   43    0
    2    4   43   44    0
    3    4   44   45    0
    4    4   45   46    0
    5    4   46   47    0
    6    4   47   48    0
    7    4   48   49    0
    8    4   49   50    0
    9    4   50   51    0
   10    4   51   52    0
   11    4   52   53    0
   12    4   53   54    0
   13    4   54   55    0
   14    4   55   56    0
   15    4   56   57    0
   16    4   57   58    0
   17    4   58   59    0
   18    4   59   60    0
   19    4   60   61    0
   20    4   61   62    0
   21    4   62   63    0
   22    4   63   64    0
   23    4   64   65    0
   24    4   65   66    0
   25    4   66   67    0
   26    4   67   68    0
   27    4   68   69    0
   28    4   69   70    0
   29    4   70   71    0
   30    4   71   72    0
   31    4   72   73    0
   32    4   73   74    0
   33    4   74   75    0
   34    4   75   76    0
   35    4   76   77    0
   36    4   77    5    0
   37    5    6   78   43
   38   43   78   79   44
   39   44   79   80   45
   40   45   80   81   46
   41   46   81   82   47
   42   47   82   83   48
   43   48   83   84   49
   44   49   84   85   50
   45   50   85   86   51
   46   51   86   87   52
   47   52   87   88   53
   48   53   88   89   54
   49   54   89   90   55
   50   55   90   91   56
   51   56   91   92   57
   52   57   92   93   58
   53   58   93   94   59
   54   59   94   95   60
   55   60   95   96   61
   56   61   96   97   62
   57   62   97   98   63
   58   63   98   99   64
   59   64   99  100   65
   60   65  100  101   66
   61   66  101  102   67
   62   67  102  103   68
   63   68  103  104   69
   64   69  104  105   70
   65   70  105  106   71
   66   71  106  107   72
   67   72  107  108   73
   68   73  108  109   74
   69   74  109  110   75
   70   75  110  111   76
   71   76  111  112   77
   72   77  112    6    5
   73    6    7  113   78
   74   78  113  114   79
   75   79  114  115   80
   76   80  115  116   81
   77   81  116  117   82
   78   82  117  118   83
   79   83  118  119   84
   80   84  119  120   85
   81   85  120  121   86
   82   86  121  122   87
   83   87  122  123   88
   84   88  123  124   89
   85   89  124  125   90
   86   90  125  126   91
   87   91  126  127   92
   88   92  127  128   93
   89   93  128  129   94
   90   94  129  130   95
   91   95  130  131   96
   92   96  131  132   97
   93   97  132  133   98
   94   98  133  134   99
   95   99  134  135  100
   96  100  135  136  101
   97  101  136  137  102
   98  102  137  138  103
   99  103  138  139  104
  100  104  139  140  105
  101  105  140  141  106
  102  106  141  142  107
  103  107  142  143  108
  104  108  143  144  109
  105  109  144  145  110
  106  110  145  146  111
  107  111  146  147  112
  108  112  147    7    6
  109    7    8  148  113
  110  113  148  149  114
  111  114  149  150  115
  112  115  150  151  116
  113  116  151  152  117
  114  117  152  153  118
  115  118  153  154  119
  116  119  154  155  120
  117  120  155  156  121
  118  121  156  157  122
  119  122  157  158  123
  120  123  158  159  124
  121  124  159  160  125
  122  125  160  161  126
  123  126  161  162  127
  124  127  162  163  128
  125  128  163  164  129
  126  129  164  165  130
  127  130  165  166  131
  128  131  166  167  132
  129  132  167  168  133
  130  133  168  169  134
  131  134  169  170  135
  132  135  170  171  136
  133  136  171  172  137
  134  137  172  173  138
  135  138  173  174  139
  136  139  174  175  140
  137  140  175  176  141
  138  141  176  177  142
  139  142  177  178  143
  140  143  178  179  144
  141  144  179  180  145
  142  145  180  181  146
  143  146  181  182  147
  144  147  182    8    7
  145    8    9  183  148
  146  148  183  184  149
  147  149  184  185  150
  148  150  185  186  151
  149  151  186  187  152
  150  152  187  188  153
  151  153  188  189  154
  152  154  189  190  155
  153  155  190  191  156
  154  156  191  192  157
  155  157  192  193  158
  156  158  193  194  159
  157  159  194  195  160
  158  160  195  196  161
  159  161  196  197  162
  160  162  197  198  163
  161  163  198  199  164
  162  164  199  200  165
  163  165  200  201  166
  164  166  201  202  167
  165  167  202  203  168
  166  168  203  204  169
  167  169  204  205  170
  168  170  205  206  171
  169  171  206  207  172
  170  172  207  208  173
  171  173  208  209  174
  172  174  209  210  175
  173  175  210  211  176
  174  176  211  212  177
  175  177  212  213  178
  176  178  213  214  179
  177  179  214  215  180
  178  180  215  216  181
  179  181  216  217  182
  180  182  217    9    8
  181    9   10  218  183
  182  183  218  219  184
  183  184  219  220  185
  184  185  220  221  186
  185  186  221  222  187
  186  187  222  223  188
  187  188  223  224  189
  188  189  224  225  190
  189  190  225  226  191
  190  191  226  227  192
  191  192  227  228  193
  192  193  228  229  194
  193  194  229  230  195
  194  195  230  231  196
  195  196  231  232  197
  196  197  232  233  198
  197  198  233  234  199
  198  199  234  235  200
  199  200  235  236  201
  200  201  236  237  202
  201  202  237  238  203
  202  203  238  239  204
  203  204  239  240  205
  204  205  240  241  206
  205  206  241  242  207
  206  207  242  243  208
  207  208  243  244  209
  208  209  244  245  210
  209  210  245  246  211
  210  211  246  247  212
  211  212  247  248  213
  212  213  248  249  214
  213  214  249  250  215
  214  215  250  251  216
  215  216  251  252  217
  216  217  252   10    9
  217   10   11  253  218
  218  218  253  254  219
  219  219  254  255  220
  220  220  255  256  221
  221  221  256  257  222
  222  222  257  258  223
  223  223  258  259  224
  224  224  259  260  225
  225  225  260  261  226
  226  226  261  262  227
  227  227  262  263  228
  228  228  263  264  229
  229  229  264  265  230
  230  230  265  266  231
  231  231  266  267  232
  232  232  267  268  233
  233  233  268  269  234
  234  234  269  270  235
  235  235  270  271  236
  236  236  271  272  237
  237  237  272  273  238
  238  238  273  274  239
  239  239  274  275  240
  240  240  275  276  241
  241  241  276  277  242
  242  242  277  278  243
  243  243  278  279  244
  244  244  279  280  245
  245  245  280  281  246
  246  246  281  282  247
  247  247  282  283  248
  248  248  283  284  249
  249  249  284  285  250
  250  250  285  286  251
  251  251  286  287  252
  252  252  287   11   10
  253   11    1  288  253
  254  253  288  289  254
  255  254  289  290  255
  256  255  290  291  256
  257  256  291  292  257
  258  257  292  293  258
  259  258  293  294  259
  260  259  294  295  260
  261  260  295  296  261
  262  261  296  297  262
  263  262  297  298  263
  264  263  298  299  264
  265  264  299  300  265
  266  265  300  301  266
  267  266  301  302  267
  268  267  302  303  268
  269  268  303  304  269
  270  269  304  305  270
  271  270  305  306  271
  272  271  306  307  272
  273  272  307  308  273
  274  273  308  309  274
  275  274  309  310  275
  276  275  310  311  276
  277  276  311  312  277
  278  277  312  313  278
  279  278  313  314  279
  280  279  314  315  280
  281  280  315  316  281
  282  281  316  317  282
  283  282  317  318  283
  284  283  318  319  284
  285  284  319  320  285
  286  285  320  321  286
  287  286  321  322  287
  288  287  322    1   11
  289    1   12  323  288
  290  288  323  324  289
  291  289  324  325  290
  292  290  325  326  291
  293  291  326  327  292
  294  292  327  328  293
  295  293  328  329  294
  296  294  329  330  295
  297  295  330  331  296
  298  296  331  332  297
  299  297  332  333  298
  300  298  333  334  299
  301  299  334  335  300
  302  300  335  336  301
  303  301  336  337  302
  304  302  337  338  303
  305  303  338  339  304
  306  304  339  340  305
  307  305  340  341  306
  308  306  341  342  307
  309  307  342  343  308
  310  308  343  344  309
  311  309  344  345  310
  312  310  345  346  311
  313  311  346  347  312
  314  312  347  348  313
  315  313  348  349  314
  316  314  349  350  315
  317  315  350  351  316
  318  316  351  352  317
  319  317  352  353  318
  320  318  353  354  319
  321  319  354  355  320
  322  320  355  356  321
  323  321  356  357  322
  324  322  357   12    1
  325   12   13  358  323
  326  323  358  359  324
  327  324  359  360  325
  328  325  360  361  326
  329  326  361  362  327
  330  327  362  363  328
  331  328  363  364  329
  332  329  364  365  330
  333  330  365  366  331
  334  331  366  367  332
  335  332  367  368  333
  336  333  368  369  334
  337  334  369  370  335
  338  335  370  371  336
  339  336  371  372  337
  340  337  372  373  338
  341  338  373  374  339
  342  339  374  375  340
  343  340  375  376  341
  344  341  376  377  342
  345  342  377  378  343
  346  343  378  379  344
  347  344  379  380  345
  348  345  380  381  346
  349  346  381  382  347
  350  347  382  383  348
  351  348  383  384  349
  352  349  384  385  350
  353  350  385  386  351
  354  351  386  387  352
  355  352  387  388  353
  356  353  388  389  354
  357  354  389  390  355
  358  355  390  391  356
  359  356  391  392  357
  360  357  392   13   12
  361   13   14  393  358
  362  358  393  394  359
  363  359  394  395  360
  364  360  395  396  361
  365  361  396  397  362
  366  362  397  398  363
  367  363  398  399  364
  368  364  399  400  365
  369  365  400  401  366
  370  366  401  402  367
  371  367  402  403  368
  372  368  403  404  369
  373  369  404  405  370
  374  370  405  406  371
  375  371  406  407  372
  376  372  407  408  373
  377  373  408  409  374
  378  374  409  410  375
  379  375  410  411  376
  380  376  411  412  377
  381  377  412  413  378
  382  378  413  414  379
  383  379  414  415  380
  384  380  415  416  381
  385  381  416  417  382
  386  382  417  418  383
  387  383  418  419  384
  388  384  419  420  385
  389  385  420  421  386
  390  386  421  422  387
  391  387  422  423  388
  392  388  423  424  389
  393  389  424  425  390
  394  390  425  426  391
  395  391  426  427  392
  396  392  427   14   13
  397   14   15  428  393
  398  393  428  429  394
  399  394  429  430  395
  400  395  430  431  396
  401  396  431  432  397
  402  397  432  433  398
  403  398  433  434  399
  404  399  434  435  400
  405  400  435  436  401
  406  401  436  437  402
  407  402  437  438  403
  408  403  438  439  404
  409  404  439  440  405
  410  405  440  441  406
  411  406  441  442  407
  412  407  442  443  408
  413  408  443  444  409
  414  409  444  445  410
  415  410  445  446  411
  416  411  446  447  412
  417  412  447  448  413
  418  413  448  449  414
  419  414  449  450  415
  420  415  450  451  416
  421  416  451  452  417
  422  417  452  453  418
  423  418  453  454  419
  424  419  454  455  420
  425  420  455  456  421
  426  421  456  457  422
  427  422  457  458  423
  428  423  458  459  424
  429  424  459  460  425
  430  425  460  461  426
  431  426  461  462  427
  432  427  462   15   14
  433   15   16  463  428
  434  428  463  464  429
  435  429  464  465  430
  436  430  465  466  431
  437  431  466  467  432
  438  432  467  468  433
  439  433  468  469  434
  440  434  469  470  435
  441  435  470  471  436
  442  436  471  472  437
  443  437  472  473  438
  444  438  473  474  439
  445  439  474  475  440
  446  440  475  476  441
  447  441  476  477  442
  448  442  477  478  443
  449  443  478  479  444
  450  444  479  480  445
  451  445  480  481  446
  452  446  481  482  447
  453  447  482  483  448
  454  448  483  484  449
  455  449  484  485  450
  456  450  485  486  451
  457  451  486  487  452
  458  452  487  488  453
  459  453  488  489  454
  460  454  489  490  455
  461  455  490  491  456
  462  456  491  492  457
  463  457  492  493  458
  464  458  493  494  459
  465  459  494  495  460
  466  460  495  496  461
  467  461  496  497  462
  468  462  497   16   15
  469   16   17  498  463
  470  463  498  499  464
  471  464  499  500  465
  472  465  500  501  466
  473  466  501  502  467
  474  467  502  503  468
  475  468  503  504  469
  476  469  504  505  470
  477  470  505  506  471
  478  471  506  507  472
  479  472  507  508  473
  480  473  508  509  474
  481  474  509  510  475
  482  475  510  511  476
  483  476  511  512  477
  484  477  512  513  478
  485  478  513  514  479
  486  479  514  515  480
  487  480  515  516  481
  488  481  516  517  482
  489  482  517  518  483
  490  483  518  519  484
  491  484  519  520  485
  492  485  520  521  486
  493  486  521  522  487
  494  487  522  523  488
  495  488  523  524  489
  496  489  524  525  490
  497  490  525  526  491
  498  491  526  527  492
  499  492  527  528  493
  500  493  528  529  494
  501  494  529  530  495
  502  495  530  531  496
  503  496  531  532  497
  504  497  532   17   16
  505   17   18  533  498
  506  498  533  534  499
  507  499  534  535  500
  508  500  535  536  501
  509  501  536  537  502
  510  502  537  538  503
  511  503  538  539  504
  512  504  539  540  505
  513  505  540  541  506
  514  506  541  542  507
  515  507  542  543  508
  516  508  543  544  509
  517  509  544  545  510
  518  510  545  546  511
  519  511  546  547  512
  520  512  547  548  513
  521  513  548  549  514
  522  514  549  550  515
  523  515  550  551  516
  524  516  551  552  517
  525  517  552  553  518
  526  518  553  554  519
  527  519  554  555  520
  528  520  555  556  521
  529  521  556  557  522
  530  522  557  558  523
  531  523  558  559  524
  532  524  559  560  525
  533  525  560  561  526
  534  526  561  562  527
  535  527  562  563  528
  536  528  563  564  529
  537  529  564  565  530
  538  530  565  566  531
  539  531  566  567  532
  540  532  567   18   17
  541   18   19  568  533
  542  533  568  569  534
  543  534  569  570  535
  544  535  570  571  536
  545  536  571  572  537
  546  537  572  573  538
  547  538  573  574  539
  548  539  574  575  540
  549  540  575  576  541
  550  541  576  577  542
  551  542  577  578  543
  552  543  578  579  544
  553  544  579  580  545
  554  545  580  581  546
  555  546  581  582  547
  556  547  582  583  548
  557  548  583  584  549
  558  549  584  585  550
  559  550  585  586  551
  560  551  586  587  552
  561  552  587  588  553
  562  553  588  589  554
  563  554  589  590  555
  564  555  590  591  556
  565  556  591  592  557
  566  557  592  593  558
  567  558  593  594  559
  568  559  594  595  560
  569  560  595  596  561
  570  561  596  597  562
  571  562  597  598  563
  572  563  598  599  564
  573  564  599  600  565
  574  565  600  601  566
  575  566  601  602  567
  576  567  602   19   18
  577   19   20  603  568
  578  568  603  604  569
  579  569  604  605  570
  580  570  605  606  571
  581  571  606  607  572
  582  572  607  608  573
  583  573  608  609  574
  584  574  609  610  575
  585  575  610  611  576
  586  576  611  612  577
  587  577  612  613  578
  588  578  613  614  579
  589  579  614  615  580
  590  580  615  616  581
  591  581  616  617  582
  592  582  617  618  583
  593  583  618  619  584
  594  584  619  620  585
  595  585  620  621  586
  596  586  621  622  587
  597  587  622  623  588
  598  588  623  624  589
  599  589  624  625  590
  600  590  625  626  591
  601  591  626  627  592
  602  592  627  628  593
  603  593  628  629  594
  604  594  629  630  595
  605  595  630  631  596
  606  596  631  632  597
  607  597  632  633  598
  608  598  633  634  599
  609  599  634  635  600
  610  600  635  636  601
  611  601  636  637  602
  612  602  637   20   19
  613   20   21  638  603
  614  603  638  639  604
  615  604  639  640  605
  616  605  640  641  606
  617  606  641  642  607
  618  607  642  643  608
  619  608  643  644  609
  620  609  644  645  610
  621  610  645  646  611
  622  611  646  647  612
  623  612  647  648  613
  624  613  648  649  614
  625  614  649  650  615
  626  615  650  651  616
  627  616  651  652  617
  628  617  652  653  618
  629  618  653  654  619
  630  619  654  655  620
  631  620  655  656  621
  632  621  656  657  622
  633  622  657  658  623
  634  623  658  659  624
  635  624  659  660  625
  636  625  660  661  626
  637  626  661  662  627
  638  627  662  663  628
  639  628  663  664  629
  640  629  664  665  630
  641  630  665  666  631
  642  631  666  667  632
  643  632  667  668  633
  644  633  668  669  634
  645  634  669  670  635
  646  635  670  671  636
  647  636  671  672  637
  648  637  672   21   20
  649   21   22  673  638
  650  638  673  674  639
  651  639  674  675  640
  652  640  675  676  641
  653  641  676  677  642
  654  642  677  678  643
  655  643  678  679  644
  656  644  679  680  645
  657  645  680  681  646
  658  646  681  682  647
  659  647  682  683  648
  660  648  683  684  649
  661  649  684  685  650
  662  650  685  686  651
  663  651  686  687  652
  664  652  687  688  653
  665  653  688  689  654
  666  654  689  690  655
  667  655  690  691  656
  668  656  691  692  657
  669  657  692  693  658
  670  658  693  694  659
  671  659  694  695  660
  672  660  695  696  661
  673  661  696  697  662
  674  662  697  698  663
  675  663  698  699  664
  676  664  699  700  665
  677  665  700  701  666
  678  666  701  702  667
  679  667  702  703  668
  680  668  703  704  669
  681  669  704  705  670
  682  670  705  706  671
  683  671  706  707  672
  684  672  707   22   21
  685   22   23  708  673
  686  673  708  709  674
  687  674  709  710  675
  688  675  710  711  676
  689  676  711  712  677
  690  677  712  713  678
  691  678  713  714  679
  692  679  714  715  680
  693  680  715  716  681
  694  681  716  717  682
  695  682  717  718  683
  696  683  718  719  684
  697  684  719  720  685
  698  685  720  721  686
  699  686  721  722  687
  700  687  722  723  688
  701  688  723  724  689
  702  689  724  725  690
  703  690  725  726  691
  704  691  726  727  692
  705  692  727  728  693
  706  693  728  729  694
  707  694  729  730  695
  708  695  730  731  696
  709  696  731  732  697
  710  697  732  733  698
  711  698  733  734  699
  712  699  734  735  700
  713  700  735  736  701
  714  701  736  737  702
  715  702  737  738  703
  716  703  738  739  704
  717  704  739  740  705
  718  705  740  741  706
  719  706  741  742  707
  720  707  742   23   22
  721   23   24  743  708
  722  708  743  744  709
  723  709  744  745  710
  724  710  745  746  711
  725  711  746  747  712
  726  712  747  748  713
  727  713  748  749  714
  728  714  749  750  715
  729  715  750  751  716
  730  716  751  752  717
  731  717  752  753  718
  732  718  753  754  719
  733  719  754  755  720
  734  720  755  756  721
  735  721  756  757  722
  736  722  757  758  723
  737  723  758  759  724
  738  724  759  760  725
  739  725  760  761  726
  740  726  761  762  727
  741  727  762  763  728
  742  728  763  764  729
  743  729  764  765  730
  744  730  765  766  731
  745  731  766  767  732
  746  732  767  768  733
  747  733  768  769  734
  748  734  769  770  735
  749  735  770  771  736
  750  736  771  772  737
  751  737  772  773  738
  752  738  773  774  739
  753  739  774  775  740
  754  740  775  776  741
  755  741  776  777  742
  756  742  777   24   23
  757   24   25  778  743
  758  743  778  779  744
  759  744  779  780  745
  760  745  780  781  746
  761  746  781  782  747
  762  747  782  783  748
  763  748  783  784  749
  764  749  784  785  750
  765  750  785  786  751
  766  751  786  787  752
  767  752  787  788  753
  768  753  788  789  754
  769  754  789  790  755
  770  755  790  791  756
  771  756  791  792  757
  772  757  792  793  758
  773  758  793  794  759
  774  759  794  795  760
  775  760  795  796  761
  776  761  796  797  762
  777  762  797  798  763
  778  763  798  799  764
  779  764  799  800  765
  780  765  800  801  766
  781  766  801  802  767
  782  767  802  803  768
  783  768  803  804  769
  784  769  804  805  770
  785  770  805  806  771
  786  771  806  807  772
  787  772  807  808  773
  788  773  808  809  774
  789  774  809  810  775
  790  775  810  811  776
  791  776  811  812  777
  792  777  812   25   24
  793   25   26  813  778
  794  778  813  814  779
  795  779  814  815  780
  796  780  815  816  781
  797  781  816  817  782
  798  782  817  818  783
  799  783  818  819  784
  800  784  819  820  785
  801  785  820  821  786
  802  786  821  822  787
  803  787  822  823  788
  804  788  823  824  789
  805  789  824  825  790
  806  790  825  826  791
  807  791  826  827  792
  808  792  827  828  793
  809  793  828  829  794
  810  794  829  830  795
  811  795  830  831  796
  812  796  831  832  797
  813  797  832  833  798
  814  798  833  834  799
  815  799  834  835  800
  816  800  835  836  801
  817  801  836  837  802
  818  802  837  838  803
  819  803  838  839  804
  820  804  839  840  805
  821  805  840  841  806
  822  806  841  842  807
  823  807  842  843  808
  824  808  843  844  809
  825  809  844  845  810
  826  810  845  846  811
  827  811  846  847  812
  828  812  847   26   25
  829   26   27  848  813
  830  813  848  849  814
  831  814  849  850  815
  832  815  850  851  816
  833  816  851  852  817
  834  817  852  853  818
  835  818  853  854  819
  836  819  854  855  820
  837  820  855  856  821
  838  821  856  857  822
  839  822  857  858  823
  840  823  858  859  824
  841  824  859  860  825
  842  825  860  861  826
  843  826  861  862  827
  844  827  862  863  828
  845  828  863  864  829
  846  829  864  865  830
  847  830  865  866  831
  848  831  866  867  832
  849  832  867  868  833
  850  833  868  869  834
  851  834  869  870  835
  852  835  870  871  836
  853  836  871  872  837
  854  837  872  873  838
  855  838  873  874  839
  856  839  874  875  840
  857  840  875  876  841
  858  841  876  877  842
  859  842  877  878  843
  860  843  878  879  844
  861  844  879  880  845
  862  845  880  881  846
  863  846  881  882  847
  864  847  882   27   26
  865   27   28  883  848
  866  848  883  884  849
  867  849  884  885  850
  868  850  885  886  851
  869  851  886  887  852
  870  852  887  888  853
  871  853  888  889  854
  872  854  889  890  855
  873  855  890  891  856
  874  856  891  892  857
  875  857  892  893  858
  876  858  893  894  859
  877  859  894  895  860
  878  860  895  896  861
  879  861  896  897  862
  880  862  897  898  863
  881  863  898  899  864
  882  864  899  900  865
  883  865  900  901  866
  884  866  901  902  867
  885  867  902  903  868
  886  868  903  904  869
  887  869  904  905  870
  888  870  905  906  871
  889  871  906  907  872
  890  872  907  908  873
  891  873  908  909  874
  892  874  909  910  875
  893  875  910  911  876
  894  876  911  912  877
  895  877  912  913  878
  896  878  913  914  879
  897  879  914  915  880
  898  880  915  916  881
  899  881  916  917  882
  900  882  917   28   27
  901   28   29  918  883
  902  883  918  919  884
  903  884  919  920  885
  904  885  920  921  886
  905  886  921  922  887
  906  887  922  923  888
  907  888  923  924  889
  908  889  924  925  890
  909  890  925  926  891
  910  891  926  927  892
  911  892  927  928  893
  912  893  928  929  894
  913  894  929  930  895
  914  895  930  931  896
  915  896  931  932  897
  916  897  932  933  898
  917  898  933  934  899
  918  899  934  935  900
  919  900  935  936  901
  920  901  936  937  902
  921  902  937  938  903
  922  903  938  939  904
  923  904  939  940  905
  924  905  940  941  906
  925  906  941  942  907
  926  907  942  943  908
  927  908  943  944  909
  928  909  944  945  910
  929  910  945  946  911
  930  911  946  947  912
  931  912  947  948  913
  932  913  948  949  914
  933  914  949  950  915
  934  915  950  951  916
  935  916  951  952  917
  936  917  952   29   28
  937   29   30  953  918
  938  918  953  954  919
  939  919  954  955  920
  940  920  955  956  921
  941  921  956  957  922
  942  922  957  958  923
  943  923  958  959  924
  944  924  959  960  925
  945  925  960  961  926
  946  926  961  962  927
  947  927  962  963  928
  948  928  963  964  929
  949  929  964  965  930
  950  930  965  966  931
  951  931  966  967  932
  952  932  967  968  933
  953  933  968  969  934
  954  934  969  970  935
  955  935  970  971  936
  956  936  971  972  937
  957  937  972  973  938
  958  938  973  974  939
  959  939  974  975  940
  960  940  975  976  941
  961  941  976  977  942
  962  942  977  978  943
  963  943  978  979  944
  964  944  979  980  945
  965  945  980  981  946
  966  946  981  982  947
  967  947  982  983  948
  968  948  983  984  949
  969  949  984  985  950
  970  950  985  986  951
  971  951  986  987  952
  972  952  987   30   29
  973   30   31  988  953
  974  953  988  989  954
  975  954  989  990  955
  976  955  990  991  956
  977  956  991  992  957
  978  957  992  993  958
  979  958  993  994  959
  980  959  994  995  960
  981  960  995  996  961
  982  961  996  997  962
  983  962  997  998  963
  984  963  998  999  964
  985  964  999 1000  965
  986  965 1000 1001  966
  987  966 1001 1002  967
  988  967 1002 1003  968
  989  968 1003 1004  969
  990  969 1004 1005  970
  991  970 1005 1006  971
  992  971 1006 1007  972
  993  972 1007 1008  973
  994  973 1008 1009  974
  995  974 1009 1010  975
  996  975 1010 1011  976
  997  976 1011 1012  977
  998  977 1012 1013  978
  999  978 1013 1014  979
 1000  979 1014 1015  980
 1001  980 1015 1016  981
 1002  981 1016 1017  982
 1003  982 1017 1018  983
 1004  983 1018 1019  984
 1005  984 1019 1020  985
 1006  985 1020 1021  986
 1007  986 1021 1022  987
 1008  987 1022   31   30
 1009   31   32 1023  988
 1010  988 1023 1024  989
 1011  989 1024 1025  990
 1012  990 1025 1026  991
 1013  991 1026 1027  992
 1014  992 1027 1028  993
 1015  993 1028 1029  994
 1016  994 1029 1030  995
 1017  995 1030 1031  996
 1018  996 1031 1032  997
 1019  997 1032 1033  998
 1020  998 1033 1034  999
 1021  999 1034 1035 1000
 1022 1000 1035 1036 1001
 1023 1001 1036 1037 1002
 1024 1002 1037 1038 1003
 1025 1003 1038 1039 1004
 1026 1004 1039 1040 1005
 1027 1005 1040 1041 1006
 1028 1006 1041 1042 1007
 1029 1007 1042 1043 1008
 1030 1008 1043 1044 1009
 1031 1009 1044 1045 1010
 1032 1010 1045 1046 1011
 1033 1011 1046 1047 1012
 1034 1012 1047 1048 1013
 1035 1013 1048 1049 1014
 1036 1014 1049 1050 1015
 1037 1015 1050 1051 1016
 1038 1016 1051 1052 1017
 1039 1017 1052 1053 1018
 1040 1018 1053 1054 1019
 1041 1019 1054 1055 1020
 1042 1020 1055 1056 1021
 1043 1021 1056 1057 1022
 1044 1022 1057   32   31
 1045   32   33 1058 1023
 1046 1023 1058 1059 1024
 1047 1024 1059 1060 1025
 1048 1025 1060 1061 1026
 1049 1026 1061 1062 1027
 1050 1027 1062 1063 1028
 1051 1028 1063 1064 1029
 1052 1029 1064 1065 1030
 1053 1030 1065 1066 1031
 1054 1031 1066 1067 1032
 1055 1032 1067 1068 1033
 1056 1033 1068 1069 1034
 1057 1034 1069 1070 1035
 1058 1035 1070 1071 1036
 1059 1036 1071 1072 1037
 1060 1037 1072 1073 1038
 1061 1038 1073 1074 1039
 1062 1039 1074 1075 1040
 1063 1040 1075 1076 1041
 1064 1041 1076 1077 1042
 1065 1042 1077 1078 1043
 1066 1043 1078 1079 1044
 1067 1044 1079 1080 1045
 1068 1045 1080 1081 1046
 1069 1046 1081 1082 1047
 1070 1047 1082 1083 1048
 1071 1048 1083 1084 1049
 1072 1049 1084 1085 1050
 1073 1050 1085 1086 1051
 1074 1051 1086 1087 1052
 1075 1052 1087 1088 1053
 1076 1053 1088 1089 1054
 1077 1054 1089 1090 1055
 1078 1055 1090 1091 1056
 1079 1056 1091 1092 1057
 1080 1057 1092   33   32
 1081   33   34 1093 1058
 1082 1058 1093 1094 1059
 1083 1059 1094 1095 1060
 1084 1060 1095 1096 1061
 1085 1061 1096 1097 1062
 1086 1062 1097 1098 1063
 1087 1063 1098 1099 1064
 1088 1064 1099 1100 1065
 1089 1065 1100 1101 1066
 1090 1066 1101 1102 1067
 1091 1067 1102 1103 1068
 1092 1068 1103 1104 1069
 1093 1069 1104 1105 1070
 1094 1070 1105 1106 1071
 1095 1071 1106 1107 1072
 1096 1072 1107 1108 1073
 1097 1073 1108 1109 1074
 1098 1074 1109 1110 1075
 1099 1075 1110 1111 1076
 1100 1076 1111 1112 1077
 1101 1077 1112 1113 1078
 1102 1078 1113 1114 1079
 1103 1079 1114 1115 1080
 1104 1080 1115 1116 1081
 1105 1081 1116 1117 1082
 1106 1082 1117 1118 1083
 1107 1083 1118 1119 1084
 1108 1084 1119 1120 1085
 1109 1085 1120 1121 1086
 1110 1086 1121 1122 1087
 1111 1087 1122 1123 1088
 1112 1088 1123 1124 1089
 1113 1089 1124 1125 1090
 1114 1090 1125 1126 1091
 1115 1091 1126 1127 1092
 1116 1092 1127   34   33
 1117   34   35 1128 1093
 1118 1093 1128 1129 1094
 1119 1094 1129 1130 1095
 1120 1095 1130 1131 1096
 1121 1096 1131 1132 1097
 1122 1097 1132 1133 1098
 1123 1098 1133 1134 1099
 1124 1099 1134 1135 1100
 1125 1100 1135 1136 1101
 1126 1101 1136 1137 1102
 1127 1102 1137 1138 1103
 1128 1103 1138 1139 1104
 1129 1104 1139 1140 1105
 1130 1105 1140 1141 1106
 1131 1106 1141 1142 1107
 1132 1107 1142 1143 1108
 1133 1108 1143 1144 1109
 1134 1109 1144 1145 1110
 1135 1110 1145 1146 1111
 1136 1111 1146 1147 1112
 1137 1112 1147 1148 1113
 1138 1113 1148 1149 1114
 1139 1114 1149 1150 1115
 1140 1115 1150 1151 1116
 1141 1116 1151 1152 1117
 1142 1117 1152 1153 1118
 1143 1118 1153 1154 1119
 1144 1119 1154 1155 1120
 1145 1120 1155 1156 1121
 1146 1121 1156 1157 1122
 1147 1122 1157 1158 1123
 1148 1123 1158 1159 1124
 1149 1124 1159 1160 1125
 1150 1125 1160 1161 1126
 1151 1126 1161 1162 1127
 1152 1127 1162   35   34
 1153   35   36 1163 1128
 1154 1128 1163 1164 1129
 1155 1129 1164 1165 1130
 1156 1130 1165 1166 1131
 1157 1131 1166 1167 1132
 1158 1132 1167 1168 1133
 1159 1133 1168 1169 1134
 1160 1134 1169 1170 1135
 1161 1135 1170 1171 1136
 1162 1136 1171 1172 1137
 1163 1137 1172 1173 1138
 1164 1138 1173 1174 1139
 1165 1139 1174 1175 1140
 1166 1140 1175 1176 1141
 1167 1141 1176 1177 1142
 1168 1142 1177 1178 1143
 1169 1143 1178 1179 1144
 1170 1144 1179 1180 1145
 1171 1145 1180 1181 1146
 1172 1146 1181 1182 1147
 1173 1147 1182 1183 1148
 1174 1148 1183 1184 1149
 1175 1149 1184 1185 1150
 1176 1150 1185 1186 1151
 1177 1151 1186 1187 1152
 1178 1152 1187 1188 1153
 1179 1153 1188 1189 1154
 1180 1154 1189 1190 1155
 1181 1155 1190 1191 1156
 1182 1156 1191 1192 1157
 1183 1157 1192 1193 1158
 1184 1158 1193 1194 1159
 1185 1159 1194 1195 1160
 1186 1160 1195 1196 1161
 1187 1161 1196 1197 1162
 1188 1162 1197   36   35
 1189   36   37 1198 1163
 1190 1163 1198 1199 1164
 1191 1164 1199 1200 1165
 1192 1165 1200 1201 1166
 1193 1166 1201 1202 1167
 1194 1167 1202 1203 1168
 1195 1168 1203 1204 1169
 1196 1169 1204 1205 1170
 1197 1170 1205 1206 1171
 1198 1171 1206 1207 1172
 1199 1172 1207 1208 1173
 1200 1173 1208 1209 1174
 1201 1174 1209 1210 1175
 1202 1175 1210 1211 1176
 1203 1176 1211 1212 1177
 1204 1177 1212 1213 1178
 1205 1178 1213 1214 1179
 1206 1179 1214 1215 1180
 1207 1180 1215 1216 1181
 1208 1181 1216 1217 1182
 1209 1182 1217 1218 1183
 1210 1183 1218 1219 1184
 1211 1184 1219 1220 1185
 1212 1185 1220 1221 1186
 1213 1186 1221 1222 1187
 1214 1187 1222 1223 1188
 1215 1188 1223 1224 1189
 1216 1189 1224 1225 1190
 1217 1190 1225 1226 1191
 1218 1191 1226 1227 1192
 1219 1192 1227 1228 1193
 1220 1193 1228 1229 1194
 1221 1194 1229 1230 1195
 1222 1195 1230 1231 1196
 1223 1196 1231 1232 1197
 1224 1197 1232   37   36
 1225   37   38 1233 1198
 1226 1198 1233 1234 1199
 1227 1199 1234 1235 1200
 1228 1200 1235 1236 1201
 1229 1201 1236 1237 1202
 1230 1202 1237 1238 1203
 1231 1203 1238 1239 1204
 1232 1204 1239 1240 1205
 1233 1205 1240 1241 1206
 1234 1206 1241 1242 1207
 1235 1207 1242 1243 1208
 1236 1208 1243 1244 1209
 1237 1209 1244 1245 1210
 1238 1210 1245 1246 1211
 1239 1211 1246 1247 1212
 1240 1212 1247 1248 1213
 1241 1213 1248 1249 1214
 1242 1214 1249 1250 1215
 1243 1215 1250 1251 1216
 1244 1216 1251 1252 1217
 1245 1217 1252 1253 1218
 1246 1218 1253 1254 1219
 1247 1219 1254 1255 1220
 1248 1220 1255 1256 1221
 1249 1221 1256 1257 1222
 1250 1222 1257 1258 1223
 1251 1223 1258 1259 1224
 1252 1224 1259 1260 1225
 1253 1225 1260 1261 1226
 1254 1226 1261 1262 1227
 1255 1227 1262 1263 1228
 1256 1228 1263 1264 1229
 1257 1229 1264 1265 1230
 1258 1230 1265 1266 1231
 1259 1231 1266 1267 1232
 1260 1232 1267   38   37
 1261   38   39 1268 1233
 1262 1233 1268 1269 1234
 1263 1234 1269 1270 1235
 1264 1235 1270 1271 1236
 1265 1236 1271 1272 1237
 1266 1237 1272 1273 1238
 1267 1238 1273 1274 1239
 1268 1239 1274 1275 1240
 1269 1240 1275 1276 1241
 1270 1241 1276 1277 1242
 1271 1242 1277 1278 1243
 1272 1243 1278 1279 1244
 1273 1244 1279 1280 1245
 1274 1245 1280 1281 1246
 1275 1246 1281 1282 1247
 1276 1247 1282 1283 1248
 1277 1248 1283 1284 1249
 1278 1249 1284 1285 1250
 1279 1250 1285 1286 1251
 1280 1251 1286 1287 1252
 1281 1252 1287 1288 1253
 1282 1253 1288 1289 1254
 1283 1254 1289 1290 1255
 1284 1255 1290 1291 1256
 1285 1256 1291 1292 1257
 1286 1257 1292 1293 1258
 1287 1258 1293 1294 1259
 1288 1259 1294 1295 1260
 1289 1260 1295 1296 1261
 1290 1261 1296 1297 1262
 1291 1262 1297 1298 1263
 1292 1263 1298 1299 1264
 1293 1264 1299 1300 1265
 1294 1265 1300 1301 1266
 1295 1266 1301 1302 1267
 1296 1267 1302   39   38
 1297   39   40 1303 1268
 1298 1268 1303 1304 1269
 1299 1269 1304 1305 1270
 1300 1270 1305 1306 1271
 1301 1271 1306 1307 1272
 1302 1272 1307 1308 1273
 1303 1273 1308 1309 1274
 1304 1274 1309 1310 1275
 1305 1275 1310 1311 1276
 1306 1276 1311 1312 1277
 1307 1277 1312 1313 1278
 1308 1278 1313 1314 1279
 1309 1279 1314 1315 1280
 1310 1280 1315 1316 1281
 1311 1281 1316 1317 1282
 1312 1282 1317 1318 1283
 1313 1283 1318 1319 1284
 1314 1284 1319 1320 1285
 1315 1285 1320 1321 1286
 1316 1286 1321 1322 1287
 1317 1287 1322 1323 1288
 1318 1288 1323 1324 1289
 1319 1289 1324 1325 1290
 1320 1290 1325 1326 1291
 1321 1291 1326 1327 1292
 1322 1292 1327 1328 1293
 1323 1293 1328 1329 1294
 1324 1294 1329 1330 1295
 1325 1295 1330 1331 1296
 1326 1296 1331 1332 1297
 1327 1297 1332 1333 1298
 1328 1298 1333 1334 1299
 1329 1299 1334 1335 1300
 1330 1300 1335 1336 1301
 1331 1301 1336 1337 1302
 1332 1302 1337   40   39
 1333   40    2 1338 1303
 1334 1303 1338 1339 1304
 1335 1304 1339 1340 1305
 1336 1305 1340 1341 1306
 1337 1306 1341 1342 1307
 1338 1307 1342 1343 1308
 1339 1308 1343 1344 1309
 1340 1309 1344 1345 1310
 1341 1310 1345 1346 1311
 1342 1311 1346 1347 1312
 1343 1312 1347 1348 1313
 1344 1313 1348 1349 1314
 1345 1314 1349 1350 1315
 1346 1315 1350 1351 1316
 1347 1316 1351 1352 1317
 1348 1317 1352 1353 1318
 1349 1318 1353 1354 1319
 1350 1319 1354 1355 1320
 1351 1320 1355 1356 1321
 1352 1321 1356 1357 1322
 1353 1322 1357 1358 1323
 1354 1323 1358 1359 1324
 1355 1324 1359 1360 1325
 1356 1325 1360 1361 1326
 1357 1326 1361 1362 1327
 1358 1327 1362 1363 1328
 1359 1328 1363 1364 1329
 1360 1329 1364 1365 1330
 1361 1330 1365 1366 1331
 1362 1331 1366 1367 1332
 1363 1332 1367 1368 1333
 1364 1333 1368 1369 1334
 1365 1334 1369 1370 1335
 1366 1335 1370 1371 1336
 1367 1336 1371 1372 1337
 1368 1337 1372    2   40
 1369    2   41 1373 1338
 1370 1338 1373 1374 1339
 1371 1339 1374 1375 1340
 1372 1340 1375 1376 1341
 1373 1341 1376 1377 1342
 1374 1342 1377 1378 1343
 1375 1343 1378 1379 1344
 1376 1344 1379 1380 1345
 1377 1345 1380 1381 1346
 1378 1346 1381 1382 1347
 1379 1347 1382 1383 1348
 1380 1348 1383 1384 1349
 1381 1349 1384 1385 1350
 1382 1350 1385 1386 1351
 1383 1351 1386 1387 1352
 1384 1352 1387 1388 1353
 1385 1353 1388 1389 1354
 1386 1354 1389 1390 1355
 1387 1355 1390 1391 1356
 1388 1356 1391 1392 1357
 1389 1357 1392 1393 1358
 1390 1358 1393 1394 1359
 1391 1359 1394 1395 1360
 1392 1360 1395 1396 1361
 1393 1361 1396 1397 1362
 1394 1362 1397 1398 1363
 1395 1363 1398 1399 1364
 1396 1364 1399 1400 1365
 1397 1365 1400 1401 1366
 1398 1366 1401 1402 1367
 1399 1367 1402 1403 1368
 1400 1368 1403 1404 1369
 1401 1369 1404 1405 1370
 1402 1370 1405 1406 1371
 1403 1371 1406 1407 1372
 1404 1372 1407   41    2
 1405   41   42 1408 1373
 1406 1373 1408 1409 1374
 1407 1374 1409 1410 1375
 1408 1375 1410 1411 1376
 1409 1376 1411 1412 1377
 1410 1377 1412 1413 1378
 1411 1378 1413 1414 1379
 1412 1379 1414 1415 1380
 1413 1380 1415 1416 1381
 1414 1381 1416 1417 1382
 1415 1382 1417 1418 1383
 1416 1383 1418 1419 1384
 1417 1384 1419 1420 1385
 1418 1385 1420 1421 1386
 1419 1386 1421 1422 1387
 1420 1387 1422 1423 1388
 1421 1388 1423 1424 1389
 1422 1389 1424 1425 1390
 1423 1390 1425 1426 1391
 1424 1391 1426 1427 1392
 1425 1392 1427 1428 1393
 1426 1393 1428 1429 1394
 1427 1394 1429 1430 1395
 1428 1395 1430 1431 1396
 1429 1396 1431 1432 1397
 1430 1397 1432 1433 1398
 1431 1398 1433 1434 1399
 1432 1399 1434 1435 1400
 1433 1400 1435 1436 1401
 1434 1401 1436 1437 1402
 1435 1402 1437 1438 1403
 1436 1403 1438 1439 1404
 1437 1404 1439 1440 1405
 1438 1405 1440 1441 1406
 1439 1406 1441 1442 1407
 1440 1407 1442   42   41
 1441 1408   42    3    0
 1442 1409 1408    3    0
 1443 1410 1409    3    0
 1444 1411 1410    3    0
 1445 1412 1411    3    0
 1446 1413 1412    3    0
 1447 1414 1413    3    0
 1448 1415 1414    3    0
 1449 1416 1415    3    0
 1450 1417 1416    3    0
 1451 1418 1417    3    0
 1452 1419 1418    3    0
 1453 1420 1419    3    0
 1454 1421 1420    3    0
 1455 1422 1421    3    0
 1456 1423 1422    3    0
 1457 1424 1423    3    0
 1458 1425 1424    3    0
 1459 1426 1425    3    0
 1460 1427 1426    3    0
 1461 1428 1427    3    0
 1462 1429 1428    3    0
 1463 1430 1429    3    0
 1464 1431 1430    3    0
 1465 1432 1431    3    0
 1466 1433 1432    3    0
 1467 1434 1433    3    0
 1468 1435 1434    3    0
 1469 1436 1435    3    0
 1470 1437 1436    3    0
 1471 1438 1437    3    0
 1472 1439 1438    3    0
 1473 1440 1439    3    0
 1474 1441 1440    3    0
 1475 1442 1441    3    0
 1476   42 1442    3    0
